/*--------------------------------*- C++ -*----------------------------------*\
| =========                 |                                                 |
| \\      /  F ield         | OpenFOAM: The Open Source CFD Toolbox           |
|  \\    /   O peration     | Version:  4.1                                   |
|   \\  /    A nd           | Web:      www.OpenFOAM.org                      |
|    \\/     M anipulation  |                                                 |
\*---------------------------------------------------------------------------*/
FoamFile
{
    version     2.0;
    format      ascii;
    class       cellSet;
    location    "constant/polyMesh/sets";
    object      porousBlockageCellSet;
}
// * * * * * * * * * * * * * * * * * * * * * * * * * * * * * * * * * * * * * //


280
(
5 
6 
7 
8 
24 
25 
26 
69 
70 
71 
72 
88 
89 
90 
133 
134 
135 
136 
152 
153 
154 
197 
198 
199 
200 
216 
217 
218 
261 
262 
263 
264 
280 
281 
282 
325 
326 
327 
328 
344 
345 
346 
389 
390 
391 
392 
408 
409 
410 
453 
454 
455 
456 
472 
473 
474 
517 
518 
519 
520 
536 
537 
538 
581 
582 
583 
584 
600 
601 
602 
645 
646 
647 
648 
664 
665 
666 
709 
710 
711 
712 
728 
729 
730 
773 
774 
775 
776 
783 
784 
785 
792 
793 
794 
801 
802 
803 
804 
837 
838 
839 
840 
847 
848 
849 
856 
857 
858 
865 
866 
867 
868 
901 
902 
903 
904 
911 
912 
913 
920 
921 
922 
929 
930 
931 
932 
965 
966 
967 
968 
975 
976 
977 
984 
985 
986 
993 
994 
995 
996 
1029 
1030 
1031 
1032 
1039 
1040 
1041 
1048 
1049 
1050 
1057 
1058 
1059 
1060 
1093 
1094 
1095 
1096 
1103 
1104 
1105 
1112 
1113 
1114 
1121 
1122 
1123 
1124 
1157 
1158 
1159 
1160 
1167 
1168 
1169 
1176 
1177 
1178 
1185 
1186 
1187 
1188 
1221 
1222 
1223 
1224 
1231 
1232 
1233 
1240 
1241 
1242 
1249 
1250 
1251 
1252 
1295 
1296 
1297 
1313 
1314 
1315 
1316 
1359 
1360 
1361 
1377 
1378 
1379 
1380 
1423 
1424 
1425 
1441 
1442 
1443 
1444 
1487 
1488 
1489 
1505 
1506 
1507 
1508 
1551 
1552 
1553 
1569 
1570 
1571 
1572 
1615 
1616 
1617 
1633 
1634 
1635 
1636 
1679 
1680 
1681 
1697 
1698 
1699 
1700 
1743 
1744 
1745 
1761 
1762 
1763 
1764 
1807 
1808 
1809 
1825 
1826 
1827 
1828 
1871 
1872 
1873 
1889 
1890 
1891 
1892 
1935 
1936 
1937 
1953 
1954 
1955 
1956 
1999 
2000 
2001 
2017 
2018 
2019 
2020 
)

// ************************************************************************* //
