/*--------------------------------*- C++ -*----------------------------------*\
| =========                 |                                                 |
| \\      /  F ield         | OpenFOAM: The Open Source CFD Toolbox           |
|  \\    /   O peration     | Version:  4.1                                   |
|   \\  /    A nd           | Web:      www.OpenFOAM.org                      |
|    \\/     M anipulation  |                                                 |
\*---------------------------------------------------------------------------*/
FoamFile
{
    version     2.0;
    format      ascii;
    class       cellSet;
    location    "constant/polyMesh/sets";
    object      porousBlockage;
}
// * * * * * * * * * * * * * * * * * * * * * * * * * * * * * * * * * * * * * //


280
(
5 
1029 
6 
1030 
7 
1031 
8 
1032 
1039 
1040 
1041 
24 
1048 
25 
1049 
26 
1050 
1057 
1058 
1059 
1060 
69 
1093 
70 
1094 
71 
1095 
72 
1096 
1103 
1104 
1105 
88 
1112 
89 
1113 
90 
1114 
1121 
1122 
1123 
1124 
133 
1157 
134 
1158 
135 
1159 
136 
1160 
1167 
1168 
1169 
152 
1176 
153 
1177 
154 
1178 
1185 
1186 
1187 
1188 
197 
1221 
198 
1222 
199 
1223 
200 
1224 
1231 
1232 
1233 
216 
1240 
217 
1241 
218 
1242 
1249 
1250 
1251 
1252 
261 
262 
263 
264 
1295 
1296 
1297 
280 
281 
282 
1313 
1314 
1315 
1316 
325 
326 
327 
328 
1359 
1360 
1361 
344 
345 
346 
1377 
1378 
1379 
1380 
389 
390 
391 
392 
1423 
1424 
1425 
408 
409 
410 
1441 
1442 
1443 
1444 
453 
454 
455 
456 
1487 
1488 
1489 
472 
473 
474 
1505 
1506 
1507 
1508 
517 
518 
519 
520 
1551 
1552 
1553 
536 
537 
538 
1569 
1570 
1571 
1572 
581 
582 
583 
584 
1615 
1616 
1617 
600 
601 
602 
1633 
1634 
1635 
1636 
645 
646 
647 
648 
1679 
1680 
1681 
664 
665 
666 
1697 
1698 
1699 
1700 
709 
710 
711 
712 
1743 
1744 
1745 
728 
729 
730 
1761 
1762 
1763 
1764 
773 
774 
775 
776 
783 
1807 
784 
1808 
785 
1809 
792 
793 
794 
801 
1825 
802 
1826 
803 
1827 
804 
1828 
837 
838 
839 
840 
847 
1871 
848 
1872 
849 
1873 
856 
857 
858 
865 
1889 
866 
1890 
867 
1891 
868 
1892 
901 
902 
903 
904 
911 
1935 
912 
1936 
913 
1937 
920 
921 
922 
929 
1953 
930 
1954 
931 
1955 
932 
1956 
965 
966 
967 
968 
975 
1999 
976 
2000 
977 
2001 
984 
985 
986 
993 
2017 
994 
2018 
995 
2019 
996 
2020 
)

// ************************************************************************* //
