/*--------------------------------*- C++ -*----------------------------------*\
| =========                 |                                                 |
| \\      /  F ield         | OpenFOAM: The Open Source CFD Toolbox           |
|  \\    /   O peration     | Version:  4.1                                   |
|   \\  /    A nd           | Web:      www.OpenFOAM.org                      |
|    \\/     M anipulation  |                                                 |
\*---------------------------------------------------------------------------*/
FoamFile
{
    version     2.0;
    format      ascii;
    class       vectorField;
    location    "constant/polyMesh";
    object      points;
}
// * * * * * * * * * * * * * * * * * * * * * * * * * * * * * * * * * * * * * //


4290
(
(0 0 0)
(0.546875 0 0)
(1.09375 0 0)
(1.640625 0 0)
(2.1875 0 0)
(2.734375 0 0)
(3.28125 0 0)
(3.828125 0 0)
(4.375 0 0)
(4.921875 0 0)
(5.46875 0 0)
(6.015625 0 0)
(6.5625 0 0)
(7.109375 0 0)
(7.65625 0 0)
(8.203125 0 0)
(8.75 0 0)
(9.296875 0 0)
(9.84375 0 0)
(10.390625 0 0)
(10.9375 0 0)
(11.484375 0 0)
(12.03125 0 0)
(12.578125 0 0)
(13.125 0 0)
(13.671875 0 0)
(14.21875 0 0)
(14.765625 0 0)
(15.3125 0 0)
(15.859375 0 0)
(16.40625 0 0)
(16.953125 0 0)
(17.5 0 0)
(18.046875 0 0)
(18.59375 0 0)
(19.140625 0 0)
(19.6875 0 0)
(20.234375 0 0)
(20.78125 0 0)
(21.328125 0 0)
(21.875 0 0)
(22.421875 0 0)
(22.96875 0 0)
(23.515625 0 0)
(24.0625 0 0)
(24.609375 0 0)
(25.15625 0 0)
(25.703125 0 0)
(26.25 0 0)
(26.796875 0 0)
(27.34375 0 0)
(27.890625 0 0)
(28.4375 0 0)
(28.984375 0 0)
(29.53125 0 0)
(30.078125 0 0)
(30.625 0 0)
(31.171875 0 0)
(31.71875 0 0)
(32.265625 0 0)
(32.8125 0 0)
(33.359375 0 0)
(33.90625 0 0)
(34.453125 0 0)
(35 0 0)
(0 0.125 0)
(0.546875 0.125 0)
(1.09375 0.125 0)
(1.640625 0.125 0)
(2.1875 0.125 0)
(2.734375 0.125 0)
(3.28125 0.125 0)
(3.828125 0.125 0)
(4.375 0.125 0)
(4.921875 0.125 0)
(5.46875 0.125 0)
(6.015625 0.125 0)
(6.5625 0.125 0)
(7.109375 0.125 0)
(7.65625 0.125 0)
(8.203125 0.125 0)
(8.75 0.125 0)
(9.296875 0.125 0)
(9.84375 0.125 0)
(10.390625 0.125 0)
(10.9375 0.125 0)
(11.484375 0.125 0)
(12.03125 0.125 0)
(12.578125 0.125 0)
(13.125 0.125 0)
(13.671875 0.125 0)
(14.21875 0.125 0)
(14.765625 0.125 0)
(15.3125 0.125 0)
(15.859375 0.125 0)
(16.40625 0.125 0)
(16.953125 0.125 0)
(17.5 0.125 0)
(18.046875 0.125 0)
(18.59375 0.125 0)
(19.140625 0.125 0)
(19.6875 0.125 0)
(20.234375 0.125 0)
(20.78125 0.125 0)
(21.328125 0.125 0)
(21.875 0.125 0)
(22.421875 0.125 0)
(22.96875 0.125 0)
(23.515625 0.125 0)
(24.0625 0.125 0)
(24.609375 0.125 0)
(25.15625 0.125 0)
(25.703125 0.125 0)
(26.25 0.125 0)
(26.796875 0.125 0)
(27.34375 0.125 0)
(27.890625 0.125 0)
(28.4375 0.125 0)
(28.984375 0.125 0)
(29.53125 0.125 0)
(30.078125 0.125 0)
(30.625 0.125 0)
(31.171875 0.125 0)
(31.71875 0.125 0)
(32.265625 0.125 0)
(32.8125 0.125 0)
(33.359375 0.125 0)
(33.90625 0.125 0)
(34.453125 0.125 0)
(35 0.125 0)
(0 0.25 0)
(0.546875 0.25 0)
(1.09375 0.25 0)
(1.640625 0.25 0)
(2.1875 0.25 0)
(2.734375 0.25 0)
(3.28125 0.25 0)
(3.828125 0.25 0)
(4.375 0.25 0)
(4.921875 0.25 0)
(5.46875 0.25 0)
(6.015625 0.25 0)
(6.5625 0.25 0)
(7.109375 0.25 0)
(7.65625 0.25 0)
(8.203125 0.25 0)
(8.75 0.25 0)
(9.296875 0.25 0)
(9.84375 0.25 0)
(10.390625 0.25 0)
(10.9375 0.25 0)
(11.484375 0.25 0)
(12.03125 0.25 0)
(12.578125 0.25 0)
(13.125 0.25 0)
(13.671875 0.25 0)
(14.21875 0.25 0)
(14.765625 0.25 0)
(15.3125 0.25 0)
(15.859375 0.25 0)
(16.40625 0.25 0)
(16.953125 0.25 0)
(17.5 0.25 0)
(18.046875 0.25 0)
(18.59375 0.25 0)
(19.140625 0.25 0)
(19.6875 0.25 0)
(20.234375 0.25 0)
(20.78125 0.25 0)
(21.328125 0.25 0)
(21.875 0.25 0)
(22.421875 0.25 0)
(22.96875 0.25 0)
(23.515625 0.25 0)
(24.0625 0.25 0)
(24.609375 0.25 0)
(25.15625 0.25 0)
(25.703125 0.25 0)
(26.25 0.25 0)
(26.796875 0.25 0)
(27.34375 0.25 0)
(27.890625 0.25 0)
(28.4375 0.25 0)
(28.984375 0.25 0)
(29.53125 0.25 0)
(30.078125 0.25 0)
(30.625 0.25 0)
(31.171875 0.25 0)
(31.71875 0.25 0)
(32.265625 0.25 0)
(32.8125 0.25 0)
(33.359375 0.25 0)
(33.90625 0.25 0)
(34.453125 0.25 0)
(35 0.25 0)
(0 0.375 0)
(0.546875 0.375 0)
(1.09375 0.375 0)
(1.640625 0.375 0)
(2.1875 0.375 0)
(2.734375 0.375 0)
(3.28125 0.375 0)
(3.828125 0.375 0)
(4.375 0.375 0)
(4.921875 0.375 0)
(5.46875 0.375 0)
(6.015625 0.375 0)
(6.5625 0.375 0)
(7.109375 0.375 0)
(7.65625 0.375 0)
(8.203125 0.375 0)
(8.75 0.375 0)
(9.296875 0.375 0)
(9.84375 0.375 0)
(10.390625 0.375 0)
(10.9375 0.375 0)
(11.484375 0.375 0)
(12.03125 0.375 0)
(12.578125 0.375 0)
(13.125 0.375 0)
(13.671875 0.375 0)
(14.21875 0.375 0)
(14.765625 0.375 0)
(15.3125 0.375 0)
(15.859375 0.375 0)
(16.40625 0.375 0)
(16.953125 0.375 0)
(17.5 0.375 0)
(18.046875 0.375 0)
(18.59375 0.375 0)
(19.140625 0.375 0)
(19.6875 0.375 0)
(20.234375 0.375 0)
(20.78125 0.375 0)
(21.328125 0.375 0)
(21.875 0.375 0)
(22.421875 0.375 0)
(22.96875 0.375 0)
(23.515625 0.375 0)
(24.0625 0.375 0)
(24.609375 0.375 0)
(25.15625 0.375 0)
(25.703125 0.375 0)
(26.25 0.375 0)
(26.796875 0.375 0)
(27.34375 0.375 0)
(27.890625 0.375 0)
(28.4375 0.375 0)
(28.984375 0.375 0)
(29.53125 0.375 0)
(30.078125 0.375 0)
(30.625 0.375 0)
(31.171875 0.375 0)
(31.71875 0.375 0)
(32.265625 0.375 0)
(32.8125 0.375 0)
(33.359375 0.375 0)
(33.90625 0.375 0)
(34.453125 0.375 0)
(35 0.375 0)
(0 0.5 0)
(0.546875 0.5 0)
(1.09375 0.5 0)
(1.640625 0.5 0)
(2.1875 0.5 0)
(2.734375 0.5 0)
(3.28125 0.5 0)
(3.828125 0.5 0)
(4.375 0.5 0)
(4.921875 0.5 0)
(5.46875 0.5 0)
(6.015625 0.5 0)
(6.5625 0.5 0)
(7.109375 0.5 0)
(7.65625 0.5 0)
(8.203125 0.5 0)
(8.75 0.5 0)
(9.296875 0.5 0)
(9.84375 0.5 0)
(10.390625 0.5 0)
(10.9375 0.5 0)
(11.484375 0.5 0)
(12.03125 0.5 0)
(12.578125 0.5 0)
(13.125 0.5 0)
(13.671875 0.5 0)
(14.21875 0.5 0)
(14.765625 0.5 0)
(15.3125 0.5 0)
(15.859375 0.5 0)
(16.40625 0.5 0)
(16.953125 0.5 0)
(17.5 0.5 0)
(18.046875 0.5 0)
(18.59375 0.5 0)
(19.140625 0.5 0)
(19.6875 0.5 0)
(20.234375 0.5 0)
(20.78125 0.5 0)
(21.328125 0.5 0)
(21.875 0.5 0)
(22.421875 0.5 0)
(22.96875 0.5 0)
(23.515625 0.5 0)
(24.0625 0.5 0)
(24.609375 0.5 0)
(25.15625 0.5 0)
(25.703125 0.5 0)
(26.25 0.5 0)
(26.796875 0.5 0)
(27.34375 0.5 0)
(27.890625 0.5 0)
(28.4375 0.5 0)
(28.984375 0.5 0)
(29.53125 0.5 0)
(30.078125 0.5 0)
(30.625 0.5 0)
(31.171875 0.5 0)
(31.71875 0.5 0)
(32.265625 0.5 0)
(32.8125 0.5 0)
(33.359375 0.5 0)
(33.90625 0.5 0)
(34.453125 0.5 0)
(35 0.5 0)
(0 0.625 0)
(0.546875 0.625 0)
(1.09375 0.625 0)
(1.640625 0.625 0)
(2.1875 0.625 0)
(2.734375 0.625 0)
(3.28125 0.625 0)
(3.828125 0.625 0)
(4.375 0.625 0)
(4.921875 0.625 0)
(5.46875 0.625 0)
(6.015625 0.625 0)
(6.5625 0.625 0)
(7.109375 0.625 0)
(7.65625 0.625 0)
(8.203125 0.625 0)
(8.75 0.625 0)
(9.296875 0.625 0)
(9.84375 0.625 0)
(10.390625 0.625 0)
(10.9375 0.625 0)
(11.484375 0.625 0)
(12.03125 0.625 0)
(12.578125 0.625 0)
(13.125 0.625 0)
(13.671875 0.625 0)
(14.21875 0.625 0)
(14.765625 0.625 0)
(15.3125 0.625 0)
(15.859375 0.625 0)
(16.40625 0.625 0)
(16.953125 0.625 0)
(17.5 0.625 0)
(18.046875 0.625 0)
(18.59375 0.625 0)
(19.140625 0.625 0)
(19.6875 0.625 0)
(20.234375 0.625 0)
(20.78125 0.625 0)
(21.328125 0.625 0)
(21.875 0.625 0)
(22.421875 0.625 0)
(22.96875 0.625 0)
(23.515625 0.625 0)
(24.0625 0.625 0)
(24.609375 0.625 0)
(25.15625 0.625 0)
(25.703125 0.625 0)
(26.25 0.625 0)
(26.796875 0.625 0)
(27.34375 0.625 0)
(27.890625 0.625 0)
(28.4375 0.625 0)
(28.984375 0.625 0)
(29.53125 0.625 0)
(30.078125 0.625 0)
(30.625 0.625 0)
(31.171875 0.625 0)
(31.71875 0.625 0)
(32.265625 0.625 0)
(32.8125 0.625 0)
(33.359375 0.625 0)
(33.90625 0.625 0)
(34.453125 0.625 0)
(35 0.625 0)
(0 0.75 0)
(0.546875 0.75 0)
(1.09375 0.75 0)
(1.640625 0.75 0)
(2.1875 0.75 0)
(2.734375 0.75 0)
(3.28125 0.75 0)
(3.828125 0.75 0)
(4.375 0.75 0)
(4.921875 0.75 0)
(5.46875 0.75 0)
(6.015625 0.75 0)
(6.5625 0.75 0)
(7.109375 0.75 0)
(7.65625 0.75 0)
(8.203125 0.75 0)
(8.75 0.75 0)
(9.296875 0.75 0)
(9.84375 0.75 0)
(10.390625 0.75 0)
(10.9375 0.75 0)
(11.484375 0.75 0)
(12.03125 0.75 0)
(12.578125 0.75 0)
(13.125 0.75 0)
(13.671875 0.75 0)
(14.21875 0.75 0)
(14.765625 0.75 0)
(15.3125 0.75 0)
(15.859375 0.75 0)
(16.40625 0.75 0)
(16.953125 0.75 0)
(17.5 0.75 0)
(18.046875 0.75 0)
(18.59375 0.75 0)
(19.140625 0.75 0)
(19.6875 0.75 0)
(20.234375 0.75 0)
(20.78125 0.75 0)
(21.328125 0.75 0)
(21.875 0.75 0)
(22.421875 0.75 0)
(22.96875 0.75 0)
(23.515625 0.75 0)
(24.0625 0.75 0)
(24.609375 0.75 0)
(25.15625 0.75 0)
(25.703125 0.75 0)
(26.25 0.75 0)
(26.796875 0.75 0)
(27.34375 0.75 0)
(27.890625 0.75 0)
(28.4375 0.75 0)
(28.984375 0.75 0)
(29.53125 0.75 0)
(30.078125 0.75 0)
(30.625 0.75 0)
(31.171875 0.75 0)
(31.71875 0.75 0)
(32.265625 0.75 0)
(32.8125 0.75 0)
(33.359375 0.75 0)
(33.90625 0.75 0)
(34.453125 0.75 0)
(35 0.75 0)
(0 0.875 0)
(0.546875 0.875 0)
(1.09375 0.875 0)
(1.640625 0.875 0)
(2.1875 0.875 0)
(2.734375 0.875 0)
(3.28125 0.875 0)
(3.828125 0.875 0)
(4.375 0.875 0)
(4.921875 0.875 0)
(5.46875 0.875 0)
(6.015625 0.875 0)
(6.5625 0.875 0)
(7.109375 0.875 0)
(7.65625 0.875 0)
(8.203125 0.875 0)
(8.75 0.875 0)
(9.296875 0.875 0)
(9.84375 0.875 0)
(10.390625 0.875 0)
(10.9375 0.875 0)
(11.484375 0.875 0)
(12.03125 0.875 0)
(12.578125 0.875 0)
(13.125 0.875 0)
(13.671875 0.875 0)
(14.21875 0.875 0)
(14.765625 0.875 0)
(15.3125 0.875 0)
(15.859375 0.875 0)
(16.40625 0.875 0)
(16.953125 0.875 0)
(17.5 0.875 0)
(18.046875 0.875 0)
(18.59375 0.875 0)
(19.140625 0.875 0)
(19.6875 0.875 0)
(20.234375 0.875 0)
(20.78125 0.875 0)
(21.328125 0.875 0)
(21.875 0.875 0)
(22.421875 0.875 0)
(22.96875 0.875 0)
(23.515625 0.875 0)
(24.0625 0.875 0)
(24.609375 0.875 0)
(25.15625 0.875 0)
(25.703125 0.875 0)
(26.25 0.875 0)
(26.796875 0.875 0)
(27.34375 0.875 0)
(27.890625 0.875 0)
(28.4375 0.875 0)
(28.984375 0.875 0)
(29.53125 0.875 0)
(30.078125 0.875 0)
(30.625 0.875 0)
(31.171875 0.875 0)
(31.71875 0.875 0)
(32.265625 0.875 0)
(32.8125 0.875 0)
(33.359375 0.875 0)
(33.90625 0.875 0)
(34.453125 0.875 0)
(35 0.875 0)
(0 1 0)
(0.546875 1 0)
(1.09375 1 0)
(1.640625 1 0)
(2.1875 1 0)
(2.734375 1 0)
(3.28125 1 0)
(3.828125 1 0)
(4.375 1 0)
(4.921875 1 0)
(5.46875 1 0)
(6.015625 1 0)
(6.5625 1 0)
(7.109375 1 0)
(7.65625 1 0)
(8.203125 1 0)
(8.75 1 0)
(9.296875 1 0)
(9.84375 1 0)
(10.390625 1 0)
(10.9375 1 0)
(11.484375 1 0)
(12.03125 1 0)
(12.578125 1 0)
(13.125 1 0)
(13.671875 1 0)
(14.21875 1 0)
(14.765625 1 0)
(15.3125 1 0)
(15.859375 1 0)
(16.40625 1 0)
(16.953125 1 0)
(17.5 1 0)
(18.046875 1 0)
(18.59375 1 0)
(19.140625 1 0)
(19.6875 1 0)
(20.234375 1 0)
(20.78125 1 0)
(21.328125 1 0)
(21.875 1 0)
(22.421875 1 0)
(22.96875 1 0)
(23.515625 1 0)
(24.0625 1 0)
(24.609375 1 0)
(25.15625 1 0)
(25.703125 1 0)
(26.25 1 0)
(26.796875 1 0)
(27.34375 1 0)
(27.890625 1 0)
(28.4375 1 0)
(28.984375 1 0)
(29.53125 1 0)
(30.078125 1 0)
(30.625 1 0)
(31.171875 1 0)
(31.71875 1 0)
(32.265625 1 0)
(32.8125 1 0)
(33.359375 1 0)
(33.90625 1 0)
(34.453125 1 0)
(35 1 0)
(0 1.125 0)
(0.546875 1.125 0)
(1.09375 1.125 0)
(1.640625 1.125 0)
(2.1875 1.125 0)
(2.734375 1.125 0)
(3.28125 1.125 0)
(3.828125 1.125 0)
(4.375 1.125 0)
(4.921875 1.125 0)
(5.46875 1.125 0)
(6.015625 1.125 0)
(6.5625 1.125 0)
(7.109375 1.125 0)
(7.65625 1.125 0)
(8.203125 1.125 0)
(8.75 1.125 0)
(9.296875 1.125 0)
(9.84375 1.125 0)
(10.390625 1.125 0)
(10.9375 1.125 0)
(11.484375 1.125 0)
(12.03125 1.125 0)
(12.578125 1.125 0)
(13.125 1.125 0)
(13.671875 1.125 0)
(14.21875 1.125 0)
(14.765625 1.125 0)
(15.3125 1.125 0)
(15.859375 1.125 0)
(16.40625 1.125 0)
(16.953125 1.125 0)
(17.5 1.125 0)
(18.046875 1.125 0)
(18.59375 1.125 0)
(19.140625 1.125 0)
(19.6875 1.125 0)
(20.234375 1.125 0)
(20.78125 1.125 0)
(21.328125 1.125 0)
(21.875 1.125 0)
(22.421875 1.125 0)
(22.96875 1.125 0)
(23.515625 1.125 0)
(24.0625 1.125 0)
(24.609375 1.125 0)
(25.15625 1.125 0)
(25.703125 1.125 0)
(26.25 1.125 0)
(26.796875 1.125 0)
(27.34375 1.125 0)
(27.890625 1.125 0)
(28.4375 1.125 0)
(28.984375 1.125 0)
(29.53125 1.125 0)
(30.078125 1.125 0)
(30.625 1.125 0)
(31.171875 1.125 0)
(31.71875 1.125 0)
(32.265625 1.125 0)
(32.8125 1.125 0)
(33.359375 1.125 0)
(33.90625 1.125 0)
(34.453125 1.125 0)
(35 1.125 0)
(0 1.25 0)
(0.546875 1.25 0)
(1.09375 1.25 0)
(1.640625 1.25 0)
(2.1875 1.25 0)
(2.734375 1.25 0)
(3.28125 1.25 0)
(3.828125 1.25 0)
(4.375 1.25 0)
(4.921875 1.25 0)
(5.46875 1.25 0)
(6.015625 1.25 0)
(6.5625 1.25 0)
(7.109375 1.25 0)
(7.65625 1.25 0)
(8.203125 1.25 0)
(8.75 1.25 0)
(9.296875 1.25 0)
(9.84375 1.25 0)
(10.390625 1.25 0)
(10.9375 1.25 0)
(11.484375 1.25 0)
(12.03125 1.25 0)
(12.578125 1.25 0)
(13.125 1.25 0)
(13.671875 1.25 0)
(14.21875 1.25 0)
(14.765625 1.25 0)
(15.3125 1.25 0)
(15.859375 1.25 0)
(16.40625 1.25 0)
(16.953125 1.25 0)
(17.5 1.25 0)
(18.046875 1.25 0)
(18.59375 1.25 0)
(19.140625 1.25 0)
(19.6875 1.25 0)
(20.234375 1.25 0)
(20.78125 1.25 0)
(21.328125 1.25 0)
(21.875 1.25 0)
(22.421875 1.25 0)
(22.96875 1.25 0)
(23.515625 1.25 0)
(24.0625 1.25 0)
(24.609375 1.25 0)
(25.15625 1.25 0)
(25.703125 1.25 0)
(26.25 1.25 0)
(26.796875 1.25 0)
(27.34375 1.25 0)
(27.890625 1.25 0)
(28.4375 1.25 0)
(28.984375 1.25 0)
(29.53125 1.25 0)
(30.078125 1.25 0)
(30.625 1.25 0)
(31.171875 1.25 0)
(31.71875 1.25 0)
(32.265625 1.25 0)
(32.8125 1.25 0)
(33.359375 1.25 0)
(33.90625 1.25 0)
(34.453125 1.25 0)
(35 1.25 0)
(0 1.375 0)
(0.546875 1.375 0)
(1.09375 1.375 0)
(1.640625 1.375 0)
(2.1875 1.375 0)
(2.734375 1.375 0)
(3.28125 1.375 0)
(3.828125 1.375 0)
(4.375 1.375 0)
(4.921875 1.375 0)
(5.46875 1.375 0)
(6.015625 1.375 0)
(6.5625 1.375 0)
(7.109375 1.375 0)
(7.65625 1.375 0)
(8.203125 1.375 0)
(8.75 1.375 0)
(9.296875 1.375 0)
(9.84375 1.375 0)
(10.390625 1.375 0)
(10.9375 1.375 0)
(11.484375 1.375 0)
(12.03125 1.375 0)
(12.578125 1.375 0)
(13.125 1.375 0)
(13.671875 1.375 0)
(14.21875 1.375 0)
(14.765625 1.375 0)
(15.3125 1.375 0)
(15.859375 1.375 0)
(16.40625 1.375 0)
(16.953125 1.375 0)
(17.5 1.375 0)
(18.046875 1.375 0)
(18.59375 1.375 0)
(19.140625 1.375 0)
(19.6875 1.375 0)
(20.234375 1.375 0)
(20.78125 1.375 0)
(21.328125 1.375 0)
(21.875 1.375 0)
(22.421875 1.375 0)
(22.96875 1.375 0)
(23.515625 1.375 0)
(24.0625 1.375 0)
(24.609375 1.375 0)
(25.15625 1.375 0)
(25.703125 1.375 0)
(26.25 1.375 0)
(26.796875 1.375 0)
(27.34375 1.375 0)
(27.890625 1.375 0)
(28.4375 1.375 0)
(28.984375 1.375 0)
(29.53125 1.375 0)
(30.078125 1.375 0)
(30.625 1.375 0)
(31.171875 1.375 0)
(31.71875 1.375 0)
(32.265625 1.375 0)
(32.8125 1.375 0)
(33.359375 1.375 0)
(33.90625 1.375 0)
(34.453125 1.375 0)
(35 1.375 0)
(0 1.5 0)
(0.546875 1.5 0)
(1.09375 1.5 0)
(1.640625 1.5 0)
(2.1875 1.5 0)
(2.734375 1.5 0)
(3.28125 1.5 0)
(3.828125 1.5 0)
(4.375 1.5 0)
(4.921875 1.5 0)
(5.46875 1.5 0)
(6.015625 1.5 0)
(6.5625 1.5 0)
(7.109375 1.5 0)
(7.65625 1.5 0)
(8.203125 1.5 0)
(8.75 1.5 0)
(9.296875 1.5 0)
(9.84375 1.5 0)
(10.390625 1.5 0)
(10.9375 1.5 0)
(11.484375 1.5 0)
(12.03125 1.5 0)
(12.578125 1.5 0)
(13.125 1.5 0)
(13.671875 1.5 0)
(14.21875 1.5 0)
(14.765625 1.5 0)
(15.3125 1.5 0)
(15.859375 1.5 0)
(16.40625 1.5 0)
(16.953125 1.5 0)
(17.5 1.5 0)
(18.046875 1.5 0)
(18.59375 1.5 0)
(19.140625 1.5 0)
(19.6875 1.5 0)
(20.234375 1.5 0)
(20.78125 1.5 0)
(21.328125 1.5 0)
(21.875 1.5 0)
(22.421875 1.5 0)
(22.96875 1.5 0)
(23.515625 1.5 0)
(24.0625 1.5 0)
(24.609375 1.5 0)
(25.15625 1.5 0)
(25.703125 1.5 0)
(26.25 1.5 0)
(26.796875 1.5 0)
(27.34375 1.5 0)
(27.890625 1.5 0)
(28.4375 1.5 0)
(28.984375 1.5 0)
(29.53125 1.5 0)
(30.078125 1.5 0)
(30.625 1.5 0)
(31.171875 1.5 0)
(31.71875 1.5 0)
(32.265625 1.5 0)
(32.8125 1.5 0)
(33.359375 1.5 0)
(33.90625 1.5 0)
(34.453125 1.5 0)
(35 1.5 0)
(0 1.625 0)
(0.546875 1.625 0)
(1.09375 1.625 0)
(1.640625 1.625 0)
(2.1875 1.625 0)
(2.734375 1.625 0)
(3.28125 1.625 0)
(3.828125 1.625 0)
(4.375 1.625 0)
(4.921875 1.625 0)
(5.46875 1.625 0)
(6.015625 1.625 0)
(6.5625 1.625 0)
(7.109375 1.625 0)
(7.65625 1.625 0)
(8.203125 1.625 0)
(8.75 1.625 0)
(9.296875 1.625 0)
(9.84375 1.625 0)
(10.390625 1.625 0)
(10.9375 1.625 0)
(11.484375 1.625 0)
(12.03125 1.625 0)
(12.578125 1.625 0)
(13.125 1.625 0)
(13.671875 1.625 0)
(14.21875 1.625 0)
(14.765625 1.625 0)
(15.3125 1.625 0)
(15.859375 1.625 0)
(16.40625 1.625 0)
(16.953125 1.625 0)
(17.5 1.625 0)
(18.046875 1.625 0)
(18.59375 1.625 0)
(19.140625 1.625 0)
(19.6875 1.625 0)
(20.234375 1.625 0)
(20.78125 1.625 0)
(21.328125 1.625 0)
(21.875 1.625 0)
(22.421875 1.625 0)
(22.96875 1.625 0)
(23.515625 1.625 0)
(24.0625 1.625 0)
(24.609375 1.625 0)
(25.15625 1.625 0)
(25.703125 1.625 0)
(26.25 1.625 0)
(26.796875 1.625 0)
(27.34375 1.625 0)
(27.890625 1.625 0)
(28.4375 1.625 0)
(28.984375 1.625 0)
(29.53125 1.625 0)
(30.078125 1.625 0)
(30.625 1.625 0)
(31.171875 1.625 0)
(31.71875 1.625 0)
(32.265625 1.625 0)
(32.8125 1.625 0)
(33.359375 1.625 0)
(33.90625 1.625 0)
(34.453125 1.625 0)
(35 1.625 0)
(0 1.75 0)
(0.546875 1.75 0)
(1.09375 1.75 0)
(1.640625 1.75 0)
(2.1875 1.75 0)
(2.734375 1.75 0)
(3.28125 1.75 0)
(3.828125 1.75 0)
(4.375 1.75 0)
(4.921875 1.75 0)
(5.46875 1.75 0)
(6.015625 1.75 0)
(6.5625 1.75 0)
(7.109375 1.75 0)
(7.65625 1.75 0)
(8.203125 1.75 0)
(8.75 1.75 0)
(9.296875 1.75 0)
(9.84375 1.75 0)
(10.390625 1.75 0)
(10.9375 1.75 0)
(11.484375 1.75 0)
(12.03125 1.75 0)
(12.578125 1.75 0)
(13.125 1.75 0)
(13.671875 1.75 0)
(14.21875 1.75 0)
(14.765625 1.75 0)
(15.3125 1.75 0)
(15.859375 1.75 0)
(16.40625 1.75 0)
(16.953125 1.75 0)
(17.5 1.75 0)
(18.046875 1.75 0)
(18.59375 1.75 0)
(19.140625 1.75 0)
(19.6875 1.75 0)
(20.234375 1.75 0)
(20.78125 1.75 0)
(21.328125 1.75 0)
(21.875 1.75 0)
(22.421875 1.75 0)
(22.96875 1.75 0)
(23.515625 1.75 0)
(24.0625 1.75 0)
(24.609375 1.75 0)
(25.15625 1.75 0)
(25.703125 1.75 0)
(26.25 1.75 0)
(26.796875 1.75 0)
(27.34375 1.75 0)
(27.890625 1.75 0)
(28.4375 1.75 0)
(28.984375 1.75 0)
(29.53125 1.75 0)
(30.078125 1.75 0)
(30.625 1.75 0)
(31.171875 1.75 0)
(31.71875 1.75 0)
(32.265625 1.75 0)
(32.8125 1.75 0)
(33.359375 1.75 0)
(33.90625 1.75 0)
(34.453125 1.75 0)
(35 1.75 0)
(0 1.875 0)
(0.546875 1.875 0)
(1.09375 1.875 0)
(1.640625 1.875 0)
(2.1875 1.875 0)
(2.734375 1.875 0)
(3.28125 1.875 0)
(3.828125 1.875 0)
(4.375 1.875 0)
(4.921875 1.875 0)
(5.46875 1.875 0)
(6.015625 1.875 0)
(6.5625 1.875 0)
(7.109375 1.875 0)
(7.65625 1.875 0)
(8.203125 1.875 0)
(8.75 1.875 0)
(9.296875 1.875 0)
(9.84375 1.875 0)
(10.390625 1.875 0)
(10.9375 1.875 0)
(11.484375 1.875 0)
(12.03125 1.875 0)
(12.578125 1.875 0)
(13.125 1.875 0)
(13.671875 1.875 0)
(14.21875 1.875 0)
(14.765625 1.875 0)
(15.3125 1.875 0)
(15.859375 1.875 0)
(16.40625 1.875 0)
(16.953125 1.875 0)
(17.5 1.875 0)
(18.046875 1.875 0)
(18.59375 1.875 0)
(19.140625 1.875 0)
(19.6875 1.875 0)
(20.234375 1.875 0)
(20.78125 1.875 0)
(21.328125 1.875 0)
(21.875 1.875 0)
(22.421875 1.875 0)
(22.96875 1.875 0)
(23.515625 1.875 0)
(24.0625 1.875 0)
(24.609375 1.875 0)
(25.15625 1.875 0)
(25.703125 1.875 0)
(26.25 1.875 0)
(26.796875 1.875 0)
(27.34375 1.875 0)
(27.890625 1.875 0)
(28.4375 1.875 0)
(28.984375 1.875 0)
(29.53125 1.875 0)
(30.078125 1.875 0)
(30.625 1.875 0)
(31.171875 1.875 0)
(31.71875 1.875 0)
(32.265625 1.875 0)
(32.8125 1.875 0)
(33.359375 1.875 0)
(33.90625 1.875 0)
(34.453125 1.875 0)
(35 1.875 0)
(0 2 0)
(0.546875 2 0)
(1.09375 2 0)
(1.640625 2 0)
(2.1875 2 0)
(2.734375 2 0)
(3.28125 2 0)
(3.828125 2 0)
(4.375 2 0)
(4.921875 2 0)
(5.46875 2 0)
(6.015625 2 0)
(6.5625 2 0)
(7.109375 2 0)
(7.65625 2 0)
(8.203125 2 0)
(8.75 2 0)
(9.296875 2 0)
(9.84375 2 0)
(10.390625 2 0)
(10.9375 2 0)
(11.484375 2 0)
(12.03125 2 0)
(12.578125 2 0)
(13.125 2 0)
(13.671875 2 0)
(14.21875 2 0)
(14.765625 2 0)
(15.3125 2 0)
(15.859375 2 0)
(16.40625 2 0)
(16.953125 2 0)
(17.5 2 0)
(18.046875 2 0)
(18.59375 2 0)
(19.140625 2 0)
(19.6875 2 0)
(20.234375 2 0)
(20.78125 2 0)
(21.328125 2 0)
(21.875 2 0)
(22.421875 2 0)
(22.96875 2 0)
(23.515625 2 0)
(24.0625 2 0)
(24.609375 2 0)
(25.15625 2 0)
(25.703125 2 0)
(26.25 2 0)
(26.796875 2 0)
(27.34375 2 0)
(27.890625 2 0)
(28.4375 2 0)
(28.984375 2 0)
(29.53125 2 0)
(30.078125 2 0)
(30.625 2 0)
(31.171875 2 0)
(31.71875 2 0)
(32.265625 2 0)
(32.8125 2 0)
(33.359375 2 0)
(33.90625 2 0)
(34.453125 2 0)
(35 2 0)
(0 2.125 0)
(0.546875 2.125 0)
(1.09375 2.125 0)
(1.640625 2.125 0)
(2.1875 2.125 0)
(2.734375 2.125 0)
(3.28125 2.125 0)
(3.828125 2.125 0)
(4.375 2.125 0)
(4.921875 2.125 0)
(5.46875 2.125 0)
(6.015625 2.125 0)
(6.5625 2.125 0)
(7.109375 2.125 0)
(7.65625 2.125 0)
(8.203125 2.125 0)
(8.75 2.125 0)
(9.296875 2.125 0)
(9.84375 2.125 0)
(10.390625 2.125 0)
(10.9375 2.125 0)
(11.484375 2.125 0)
(12.03125 2.125 0)
(12.578125 2.125 0)
(13.125 2.125 0)
(13.671875 2.125 0)
(14.21875 2.125 0)
(14.765625 2.125 0)
(15.3125 2.125 0)
(15.859375 2.125 0)
(16.40625 2.125 0)
(16.953125 2.125 0)
(17.5 2.125 0)
(18.046875 2.125 0)
(18.59375 2.125 0)
(19.140625 2.125 0)
(19.6875 2.125 0)
(20.234375 2.125 0)
(20.78125 2.125 0)
(21.328125 2.125 0)
(21.875 2.125 0)
(22.421875 2.125 0)
(22.96875 2.125 0)
(23.515625 2.125 0)
(24.0625 2.125 0)
(24.609375 2.125 0)
(25.15625 2.125 0)
(25.703125 2.125 0)
(26.25 2.125 0)
(26.796875 2.125 0)
(27.34375 2.125 0)
(27.890625 2.125 0)
(28.4375 2.125 0)
(28.984375 2.125 0)
(29.53125 2.125 0)
(30.078125 2.125 0)
(30.625 2.125 0)
(31.171875 2.125 0)
(31.71875 2.125 0)
(32.265625 2.125 0)
(32.8125 2.125 0)
(33.359375 2.125 0)
(33.90625 2.125 0)
(34.453125 2.125 0)
(35 2.125 0)
(0 2.25 0)
(0.546875 2.25 0)
(1.09375 2.25 0)
(1.640625 2.25 0)
(2.1875 2.25 0)
(2.734375 2.25 0)
(3.28125 2.25 0)
(3.828125 2.25 0)
(4.375 2.25 0)
(4.921875 2.25 0)
(5.46875 2.25 0)
(6.015625 2.25 0)
(6.5625 2.25 0)
(7.109375 2.25 0)
(7.65625 2.25 0)
(8.203125 2.25 0)
(8.75 2.25 0)
(9.296875 2.25 0)
(9.84375 2.25 0)
(10.390625 2.25 0)
(10.9375 2.25 0)
(11.484375 2.25 0)
(12.03125 2.25 0)
(12.578125 2.25 0)
(13.125 2.25 0)
(13.671875 2.25 0)
(14.21875 2.25 0)
(14.765625 2.25 0)
(15.3125 2.25 0)
(15.859375 2.25 0)
(16.40625 2.25 0)
(16.953125 2.25 0)
(17.5 2.25 0)
(18.046875 2.25 0)
(18.59375 2.25 0)
(19.140625 2.25 0)
(19.6875 2.25 0)
(20.234375 2.25 0)
(20.78125 2.25 0)
(21.328125 2.25 0)
(21.875 2.25 0)
(22.421875 2.25 0)
(22.96875 2.25 0)
(23.515625 2.25 0)
(24.0625 2.25 0)
(24.609375 2.25 0)
(25.15625 2.25 0)
(25.703125 2.25 0)
(26.25 2.25 0)
(26.796875 2.25 0)
(27.34375 2.25 0)
(27.890625 2.25 0)
(28.4375 2.25 0)
(28.984375 2.25 0)
(29.53125 2.25 0)
(30.078125 2.25 0)
(30.625 2.25 0)
(31.171875 2.25 0)
(31.71875 2.25 0)
(32.265625 2.25 0)
(32.8125 2.25 0)
(33.359375 2.25 0)
(33.90625 2.25 0)
(34.453125 2.25 0)
(35 2.25 0)
(0 2.375 0)
(0.546875 2.375 0)
(1.09375 2.375 0)
(1.640625 2.375 0)
(2.1875 2.375 0)
(2.734375 2.375 0)
(3.28125 2.375 0)
(3.828125 2.375 0)
(4.375 2.375 0)
(4.921875 2.375 0)
(5.46875 2.375 0)
(6.015625 2.375 0)
(6.5625 2.375 0)
(7.109375 2.375 0)
(7.65625 2.375 0)
(8.203125 2.375 0)
(8.75 2.375 0)
(9.296875 2.375 0)
(9.84375 2.375 0)
(10.390625 2.375 0)
(10.9375 2.375 0)
(11.484375 2.375 0)
(12.03125 2.375 0)
(12.578125 2.375 0)
(13.125 2.375 0)
(13.671875 2.375 0)
(14.21875 2.375 0)
(14.765625 2.375 0)
(15.3125 2.375 0)
(15.859375 2.375 0)
(16.40625 2.375 0)
(16.953125 2.375 0)
(17.5 2.375 0)
(18.046875 2.375 0)
(18.59375 2.375 0)
(19.140625 2.375 0)
(19.6875 2.375 0)
(20.234375 2.375 0)
(20.78125 2.375 0)
(21.328125 2.375 0)
(21.875 2.375 0)
(22.421875 2.375 0)
(22.96875 2.375 0)
(23.515625 2.375 0)
(24.0625 2.375 0)
(24.609375 2.375 0)
(25.15625 2.375 0)
(25.703125 2.375 0)
(26.25 2.375 0)
(26.796875 2.375 0)
(27.34375 2.375 0)
(27.890625 2.375 0)
(28.4375 2.375 0)
(28.984375 2.375 0)
(29.53125 2.375 0)
(30.078125 2.375 0)
(30.625 2.375 0)
(31.171875 2.375 0)
(31.71875 2.375 0)
(32.265625 2.375 0)
(32.8125 2.375 0)
(33.359375 2.375 0)
(33.90625 2.375 0)
(34.453125 2.375 0)
(35 2.375 0)
(0 2.5 0)
(0.546875 2.5 0)
(1.09375 2.5 0)
(1.640625 2.5 0)
(2.1875 2.5 0)
(2.734375 2.5 0)
(3.28125 2.5 0)
(3.828125 2.5 0)
(4.375 2.5 0)
(4.921875 2.5 0)
(5.46875 2.5 0)
(6.015625 2.5 0)
(6.5625 2.5 0)
(7.109375 2.5 0)
(7.65625 2.5 0)
(8.203125 2.5 0)
(8.75 2.5 0)
(9.296875 2.5 0)
(9.84375 2.5 0)
(10.390625 2.5 0)
(10.9375 2.5 0)
(11.484375 2.5 0)
(12.03125 2.5 0)
(12.578125 2.5 0)
(13.125 2.5 0)
(13.671875 2.5 0)
(14.21875 2.5 0)
(14.765625 2.5 0)
(15.3125 2.5 0)
(15.859375 2.5 0)
(16.40625 2.5 0)
(16.953125 2.5 0)
(17.5 2.5 0)
(18.046875 2.5 0)
(18.59375 2.5 0)
(19.140625 2.5 0)
(19.6875 2.5 0)
(20.234375 2.5 0)
(20.78125 2.5 0)
(21.328125 2.5 0)
(21.875 2.5 0)
(22.421875 2.5 0)
(22.96875 2.5 0)
(23.515625 2.5 0)
(24.0625 2.5 0)
(24.609375 2.5 0)
(25.15625 2.5 0)
(25.703125 2.5 0)
(26.25 2.5 0)
(26.796875 2.5 0)
(27.34375 2.5 0)
(27.890625 2.5 0)
(28.4375 2.5 0)
(28.984375 2.5 0)
(29.53125 2.5 0)
(30.078125 2.5 0)
(30.625 2.5 0)
(31.171875 2.5 0)
(31.71875 2.5 0)
(32.265625 2.5 0)
(32.8125 2.5 0)
(33.359375 2.5 0)
(33.90625 2.5 0)
(34.453125 2.5 0)
(35 2.5 0)
(0 2.625 0)
(0.546875 2.625 0)
(1.09375 2.625 0)
(1.640625 2.625 0)
(2.1875 2.625 0)
(2.734375 2.625 0)
(3.28125 2.625 0)
(3.828125 2.625 0)
(4.375 2.625 0)
(4.921875 2.625 0)
(5.46875 2.625 0)
(6.015625 2.625 0)
(6.5625 2.625 0)
(7.109375 2.625 0)
(7.65625 2.625 0)
(8.203125 2.625 0)
(8.75 2.625 0)
(9.296875 2.625 0)
(9.84375 2.625 0)
(10.390625 2.625 0)
(10.9375 2.625 0)
(11.484375 2.625 0)
(12.03125 2.625 0)
(12.578125 2.625 0)
(13.125 2.625 0)
(13.671875 2.625 0)
(14.21875 2.625 0)
(14.765625 2.625 0)
(15.3125 2.625 0)
(15.859375 2.625 0)
(16.40625 2.625 0)
(16.953125 2.625 0)
(17.5 2.625 0)
(18.046875 2.625 0)
(18.59375 2.625 0)
(19.140625 2.625 0)
(19.6875 2.625 0)
(20.234375 2.625 0)
(20.78125 2.625 0)
(21.328125 2.625 0)
(21.875 2.625 0)
(22.421875 2.625 0)
(22.96875 2.625 0)
(23.515625 2.625 0)
(24.0625 2.625 0)
(24.609375 2.625 0)
(25.15625 2.625 0)
(25.703125 2.625 0)
(26.25 2.625 0)
(26.796875 2.625 0)
(27.34375 2.625 0)
(27.890625 2.625 0)
(28.4375 2.625 0)
(28.984375 2.625 0)
(29.53125 2.625 0)
(30.078125 2.625 0)
(30.625 2.625 0)
(31.171875 2.625 0)
(31.71875 2.625 0)
(32.265625 2.625 0)
(32.8125 2.625 0)
(33.359375 2.625 0)
(33.90625 2.625 0)
(34.453125 2.625 0)
(35 2.625 0)
(0 2.75 0)
(0.546875 2.75 0)
(1.09375 2.75 0)
(1.640625 2.75 0)
(2.1875 2.75 0)
(2.734375 2.75 0)
(3.28125 2.75 0)
(3.828125 2.75 0)
(4.375 2.75 0)
(4.921875 2.75 0)
(5.46875 2.75 0)
(6.015625 2.75 0)
(6.5625 2.75 0)
(7.109375 2.75 0)
(7.65625 2.75 0)
(8.203125 2.75 0)
(8.75 2.75 0)
(9.296875 2.75 0)
(9.84375 2.75 0)
(10.390625 2.75 0)
(10.9375 2.75 0)
(11.484375 2.75 0)
(12.03125 2.75 0)
(12.578125 2.75 0)
(13.125 2.75 0)
(13.671875 2.75 0)
(14.21875 2.75 0)
(14.765625 2.75 0)
(15.3125 2.75 0)
(15.859375 2.75 0)
(16.40625 2.75 0)
(16.953125 2.75 0)
(17.5 2.75 0)
(18.046875 2.75 0)
(18.59375 2.75 0)
(19.140625 2.75 0)
(19.6875 2.75 0)
(20.234375 2.75 0)
(20.78125 2.75 0)
(21.328125 2.75 0)
(21.875 2.75 0)
(22.421875 2.75 0)
(22.96875 2.75 0)
(23.515625 2.75 0)
(24.0625 2.75 0)
(24.609375 2.75 0)
(25.15625 2.75 0)
(25.703125 2.75 0)
(26.25 2.75 0)
(26.796875 2.75 0)
(27.34375 2.75 0)
(27.890625 2.75 0)
(28.4375 2.75 0)
(28.984375 2.75 0)
(29.53125 2.75 0)
(30.078125 2.75 0)
(30.625 2.75 0)
(31.171875 2.75 0)
(31.71875 2.75 0)
(32.265625 2.75 0)
(32.8125 2.75 0)
(33.359375 2.75 0)
(33.90625 2.75 0)
(34.453125 2.75 0)
(35 2.75 0)
(0 2.875 0)
(0.546875 2.875 0)
(1.09375 2.875 0)
(1.640625 2.875 0)
(2.1875 2.875 0)
(2.734375 2.875 0)
(3.28125 2.875 0)
(3.828125 2.875 0)
(4.375 2.875 0)
(4.921875 2.875 0)
(5.46875 2.875 0)
(6.015625 2.875 0)
(6.5625 2.875 0)
(7.109375 2.875 0)
(7.65625 2.875 0)
(8.203125 2.875 0)
(8.75 2.875 0)
(9.296875 2.875 0)
(9.84375 2.875 0)
(10.390625 2.875 0)
(10.9375 2.875 0)
(11.484375 2.875 0)
(12.03125 2.875 0)
(12.578125 2.875 0)
(13.125 2.875 0)
(13.671875 2.875 0)
(14.21875 2.875 0)
(14.765625 2.875 0)
(15.3125 2.875 0)
(15.859375 2.875 0)
(16.40625 2.875 0)
(16.953125 2.875 0)
(17.5 2.875 0)
(18.046875 2.875 0)
(18.59375 2.875 0)
(19.140625 2.875 0)
(19.6875 2.875 0)
(20.234375 2.875 0)
(20.78125 2.875 0)
(21.328125 2.875 0)
(21.875 2.875 0)
(22.421875 2.875 0)
(22.96875 2.875 0)
(23.515625 2.875 0)
(24.0625 2.875 0)
(24.609375 2.875 0)
(25.15625 2.875 0)
(25.703125 2.875 0)
(26.25 2.875 0)
(26.796875 2.875 0)
(27.34375 2.875 0)
(27.890625 2.875 0)
(28.4375 2.875 0)
(28.984375 2.875 0)
(29.53125 2.875 0)
(30.078125 2.875 0)
(30.625 2.875 0)
(31.171875 2.875 0)
(31.71875 2.875 0)
(32.265625 2.875 0)
(32.8125 2.875 0)
(33.359375 2.875 0)
(33.90625 2.875 0)
(34.453125 2.875 0)
(35 2.875 0)
(0 3 0)
(0.546875 3 0)
(1.09375 3 0)
(1.640625 3 0)
(2.1875 3 0)
(2.734375 3 0)
(3.28125 3 0)
(3.828125 3 0)
(4.375 3 0)
(4.921875 3 0)
(5.46875 3 0)
(6.015625 3 0)
(6.5625 3 0)
(7.109375 3 0)
(7.65625 3 0)
(8.203125 3 0)
(8.75 3 0)
(9.296875 3 0)
(9.84375 3 0)
(10.390625 3 0)
(10.9375 3 0)
(11.484375 3 0)
(12.03125 3 0)
(12.578125 3 0)
(13.125 3 0)
(13.671875 3 0)
(14.21875 3 0)
(14.765625 3 0)
(15.3125 3 0)
(15.859375 3 0)
(16.40625 3 0)
(16.953125 3 0)
(17.5 3 0)
(18.046875 3 0)
(18.59375 3 0)
(19.140625 3 0)
(19.6875 3 0)
(20.234375 3 0)
(20.78125 3 0)
(21.328125 3 0)
(21.875 3 0)
(22.421875 3 0)
(22.96875 3 0)
(23.515625 3 0)
(24.0625 3 0)
(24.609375 3 0)
(25.15625 3 0)
(25.703125 3 0)
(26.25 3 0)
(26.796875 3 0)
(27.34375 3 0)
(27.890625 3 0)
(28.4375 3 0)
(28.984375 3 0)
(29.53125 3 0)
(30.078125 3 0)
(30.625 3 0)
(31.171875 3 0)
(31.71875 3 0)
(32.265625 3 0)
(32.8125 3 0)
(33.359375 3 0)
(33.90625 3 0)
(34.453125 3 0)
(35 3 0)
(0 3.125 0)
(0.546875 3.125 0)
(1.09375 3.125 0)
(1.640625 3.125 0)
(2.1875 3.125 0)
(2.734375 3.125 0)
(3.28125 3.125 0)
(3.828125 3.125 0)
(4.375 3.125 0)
(4.921875 3.125 0)
(5.46875 3.125 0)
(6.015625 3.125 0)
(6.5625 3.125 0)
(7.109375 3.125 0)
(7.65625 3.125 0)
(8.203125 3.125 0)
(8.75 3.125 0)
(9.296875 3.125 0)
(9.84375 3.125 0)
(10.390625 3.125 0)
(10.9375 3.125 0)
(11.484375 3.125 0)
(12.03125 3.125 0)
(12.578125 3.125 0)
(13.125 3.125 0)
(13.671875 3.125 0)
(14.21875 3.125 0)
(14.765625 3.125 0)
(15.3125 3.125 0)
(15.859375 3.125 0)
(16.40625 3.125 0)
(16.953125 3.125 0)
(17.5 3.125 0)
(18.046875 3.125 0)
(18.59375 3.125 0)
(19.140625 3.125 0)
(19.6875 3.125 0)
(20.234375 3.125 0)
(20.78125 3.125 0)
(21.328125 3.125 0)
(21.875 3.125 0)
(22.421875 3.125 0)
(22.96875 3.125 0)
(23.515625 3.125 0)
(24.0625 3.125 0)
(24.609375 3.125 0)
(25.15625 3.125 0)
(25.703125 3.125 0)
(26.25 3.125 0)
(26.796875 3.125 0)
(27.34375 3.125 0)
(27.890625 3.125 0)
(28.4375 3.125 0)
(28.984375 3.125 0)
(29.53125 3.125 0)
(30.078125 3.125 0)
(30.625 3.125 0)
(31.171875 3.125 0)
(31.71875 3.125 0)
(32.265625 3.125 0)
(32.8125 3.125 0)
(33.359375 3.125 0)
(33.90625 3.125 0)
(34.453125 3.125 0)
(35 3.125 0)
(0 3.25 0)
(0.546875 3.25 0)
(1.09375 3.25 0)
(1.640625 3.25 0)
(2.1875 3.25 0)
(2.734375 3.25 0)
(3.28125 3.25 0)
(3.828125 3.25 0)
(4.375 3.25 0)
(4.921875 3.25 0)
(5.46875 3.25 0)
(6.015625 3.25 0)
(6.5625 3.25 0)
(7.109375 3.25 0)
(7.65625 3.25 0)
(8.203125 3.25 0)
(8.75 3.25 0)
(9.296875 3.25 0)
(9.84375 3.25 0)
(10.390625 3.25 0)
(10.9375 3.25 0)
(11.484375 3.25 0)
(12.03125 3.25 0)
(12.578125 3.25 0)
(13.125 3.25 0)
(13.671875 3.25 0)
(14.21875 3.25 0)
(14.765625 3.25 0)
(15.3125 3.25 0)
(15.859375 3.25 0)
(16.40625 3.25 0)
(16.953125 3.25 0)
(17.5 3.25 0)
(18.046875 3.25 0)
(18.59375 3.25 0)
(19.140625 3.25 0)
(19.6875 3.25 0)
(20.234375 3.25 0)
(20.78125 3.25 0)
(21.328125 3.25 0)
(21.875 3.25 0)
(22.421875 3.25 0)
(22.96875 3.25 0)
(23.515625 3.25 0)
(24.0625 3.25 0)
(24.609375 3.25 0)
(25.15625 3.25 0)
(25.703125 3.25 0)
(26.25 3.25 0)
(26.796875 3.25 0)
(27.34375 3.25 0)
(27.890625 3.25 0)
(28.4375 3.25 0)
(28.984375 3.25 0)
(29.53125 3.25 0)
(30.078125 3.25 0)
(30.625 3.25 0)
(31.171875 3.25 0)
(31.71875 3.25 0)
(32.265625 3.25 0)
(32.8125 3.25 0)
(33.359375 3.25 0)
(33.90625 3.25 0)
(34.453125 3.25 0)
(35 3.25 0)
(0 3.375 0)
(0.546875 3.375 0)
(1.09375 3.375 0)
(1.640625 3.375 0)
(2.1875 3.375 0)
(2.734375 3.375 0)
(3.28125 3.375 0)
(3.828125 3.375 0)
(4.375 3.375 0)
(4.921875 3.375 0)
(5.46875 3.375 0)
(6.015625 3.375 0)
(6.5625 3.375 0)
(7.109375 3.375 0)
(7.65625 3.375 0)
(8.203125 3.375 0)
(8.75 3.375 0)
(9.296875 3.375 0)
(9.84375 3.375 0)
(10.390625 3.375 0)
(10.9375 3.375 0)
(11.484375 3.375 0)
(12.03125 3.375 0)
(12.578125 3.375 0)
(13.125 3.375 0)
(13.671875 3.375 0)
(14.21875 3.375 0)
(14.765625 3.375 0)
(15.3125 3.375 0)
(15.859375 3.375 0)
(16.40625 3.375 0)
(16.953125 3.375 0)
(17.5 3.375 0)
(18.046875 3.375 0)
(18.59375 3.375 0)
(19.140625 3.375 0)
(19.6875 3.375 0)
(20.234375 3.375 0)
(20.78125 3.375 0)
(21.328125 3.375 0)
(21.875 3.375 0)
(22.421875 3.375 0)
(22.96875 3.375 0)
(23.515625 3.375 0)
(24.0625 3.375 0)
(24.609375 3.375 0)
(25.15625 3.375 0)
(25.703125 3.375 0)
(26.25 3.375 0)
(26.796875 3.375 0)
(27.34375 3.375 0)
(27.890625 3.375 0)
(28.4375 3.375 0)
(28.984375 3.375 0)
(29.53125 3.375 0)
(30.078125 3.375 0)
(30.625 3.375 0)
(31.171875 3.375 0)
(31.71875 3.375 0)
(32.265625 3.375 0)
(32.8125 3.375 0)
(33.359375 3.375 0)
(33.90625 3.375 0)
(34.453125 3.375 0)
(35 3.375 0)
(0 3.5 0)
(0.546875 3.5 0)
(1.09375 3.5 0)
(1.640625 3.5 0)
(2.1875 3.5 0)
(2.734375 3.5 0)
(3.28125 3.5 0)
(3.828125 3.5 0)
(4.375 3.5 0)
(4.921875 3.5 0)
(5.46875 3.5 0)
(6.015625 3.5 0)
(6.5625 3.5 0)
(7.109375 3.5 0)
(7.65625 3.5 0)
(8.203125 3.5 0)
(8.75 3.5 0)
(9.296875 3.5 0)
(9.84375 3.5 0)
(10.390625 3.5 0)
(10.9375 3.5 0)
(11.484375 3.5 0)
(12.03125 3.5 0)
(12.578125 3.5 0)
(13.125 3.5 0)
(13.671875 3.5 0)
(14.21875 3.5 0)
(14.765625 3.5 0)
(15.3125 3.5 0)
(15.859375 3.5 0)
(16.40625 3.5 0)
(16.953125 3.5 0)
(17.5 3.5 0)
(18.046875 3.5 0)
(18.59375 3.5 0)
(19.140625 3.5 0)
(19.6875 3.5 0)
(20.234375 3.5 0)
(20.78125 3.5 0)
(21.328125 3.5 0)
(21.875 3.5 0)
(22.421875 3.5 0)
(22.96875 3.5 0)
(23.515625 3.5 0)
(24.0625 3.5 0)
(24.609375 3.5 0)
(25.15625 3.5 0)
(25.703125 3.5 0)
(26.25 3.5 0)
(26.796875 3.5 0)
(27.34375 3.5 0)
(27.890625 3.5 0)
(28.4375 3.5 0)
(28.984375 3.5 0)
(29.53125 3.5 0)
(30.078125 3.5 0)
(30.625 3.5 0)
(31.171875 3.5 0)
(31.71875 3.5 0)
(32.265625 3.5 0)
(32.8125 3.5 0)
(33.359375 3.5 0)
(33.90625 3.5 0)
(34.453125 3.5 0)
(35 3.5 0)
(0 3.625 0)
(0.546875 3.625 0)
(1.09375 3.625 0)
(1.640625 3.625 0)
(2.1875 3.625 0)
(2.734375 3.625 0)
(3.28125 3.625 0)
(3.828125 3.625 0)
(4.375 3.625 0)
(4.921875 3.625 0)
(5.46875 3.625 0)
(6.015625 3.625 0)
(6.5625 3.625 0)
(7.109375 3.625 0)
(7.65625 3.625 0)
(8.203125 3.625 0)
(8.75 3.625 0)
(9.296875 3.625 0)
(9.84375 3.625 0)
(10.390625 3.625 0)
(10.9375 3.625 0)
(11.484375 3.625 0)
(12.03125 3.625 0)
(12.578125 3.625 0)
(13.125 3.625 0)
(13.671875 3.625 0)
(14.21875 3.625 0)
(14.765625 3.625 0)
(15.3125 3.625 0)
(15.859375 3.625 0)
(16.40625 3.625 0)
(16.953125 3.625 0)
(17.5 3.625 0)
(18.046875 3.625 0)
(18.59375 3.625 0)
(19.140625 3.625 0)
(19.6875 3.625 0)
(20.234375 3.625 0)
(20.78125 3.625 0)
(21.328125 3.625 0)
(21.875 3.625 0)
(22.421875 3.625 0)
(22.96875 3.625 0)
(23.515625 3.625 0)
(24.0625 3.625 0)
(24.609375 3.625 0)
(25.15625 3.625 0)
(25.703125 3.625 0)
(26.25 3.625 0)
(26.796875 3.625 0)
(27.34375 3.625 0)
(27.890625 3.625 0)
(28.4375 3.625 0)
(28.984375 3.625 0)
(29.53125 3.625 0)
(30.078125 3.625 0)
(30.625 3.625 0)
(31.171875 3.625 0)
(31.71875 3.625 0)
(32.265625 3.625 0)
(32.8125 3.625 0)
(33.359375 3.625 0)
(33.90625 3.625 0)
(34.453125 3.625 0)
(35 3.625 0)
(0 3.75 0)
(0.546875 3.75 0)
(1.09375 3.75 0)
(1.640625 3.75 0)
(2.1875 3.75 0)
(2.734375 3.75 0)
(3.28125 3.75 0)
(3.828125 3.75 0)
(4.375 3.75 0)
(4.921875 3.75 0)
(5.46875 3.75 0)
(6.015625 3.75 0)
(6.5625 3.75 0)
(7.109375 3.75 0)
(7.65625 3.75 0)
(8.203125 3.75 0)
(8.75 3.75 0)
(9.296875 3.75 0)
(9.84375 3.75 0)
(10.390625 3.75 0)
(10.9375 3.75 0)
(11.484375 3.75 0)
(12.03125 3.75 0)
(12.578125 3.75 0)
(13.125 3.75 0)
(13.671875 3.75 0)
(14.21875 3.75 0)
(14.765625 3.75 0)
(15.3125 3.75 0)
(15.859375 3.75 0)
(16.40625 3.75 0)
(16.953125 3.75 0)
(17.5 3.75 0)
(18.046875 3.75 0)
(18.59375 3.75 0)
(19.140625 3.75 0)
(19.6875 3.75 0)
(20.234375 3.75 0)
(20.78125 3.75 0)
(21.328125 3.75 0)
(21.875 3.75 0)
(22.421875 3.75 0)
(22.96875 3.75 0)
(23.515625 3.75 0)
(24.0625 3.75 0)
(24.609375 3.75 0)
(25.15625 3.75 0)
(25.703125 3.75 0)
(26.25 3.75 0)
(26.796875 3.75 0)
(27.34375 3.75 0)
(27.890625 3.75 0)
(28.4375 3.75 0)
(28.984375 3.75 0)
(29.53125 3.75 0)
(30.078125 3.75 0)
(30.625 3.75 0)
(31.171875 3.75 0)
(31.71875 3.75 0)
(32.265625 3.75 0)
(32.8125 3.75 0)
(33.359375 3.75 0)
(33.90625 3.75 0)
(34.453125 3.75 0)
(35 3.75 0)
(0 3.875 0)
(0.546875 3.875 0)
(1.09375 3.875 0)
(1.640625 3.875 0)
(2.1875 3.875 0)
(2.734375 3.875 0)
(3.28125 3.875 0)
(3.828125 3.875 0)
(4.375 3.875 0)
(4.921875 3.875 0)
(5.46875 3.875 0)
(6.015625 3.875 0)
(6.5625 3.875 0)
(7.109375 3.875 0)
(7.65625 3.875 0)
(8.203125 3.875 0)
(8.75 3.875 0)
(9.296875 3.875 0)
(9.84375 3.875 0)
(10.390625 3.875 0)
(10.9375 3.875 0)
(11.484375 3.875 0)
(12.03125 3.875 0)
(12.578125 3.875 0)
(13.125 3.875 0)
(13.671875 3.875 0)
(14.21875 3.875 0)
(14.765625 3.875 0)
(15.3125 3.875 0)
(15.859375 3.875 0)
(16.40625 3.875 0)
(16.953125 3.875 0)
(17.5 3.875 0)
(18.046875 3.875 0)
(18.59375 3.875 0)
(19.140625 3.875 0)
(19.6875 3.875 0)
(20.234375 3.875 0)
(20.78125 3.875 0)
(21.328125 3.875 0)
(21.875 3.875 0)
(22.421875 3.875 0)
(22.96875 3.875 0)
(23.515625 3.875 0)
(24.0625 3.875 0)
(24.609375 3.875 0)
(25.15625 3.875 0)
(25.703125 3.875 0)
(26.25 3.875 0)
(26.796875 3.875 0)
(27.34375 3.875 0)
(27.890625 3.875 0)
(28.4375 3.875 0)
(28.984375 3.875 0)
(29.53125 3.875 0)
(30.078125 3.875 0)
(30.625 3.875 0)
(31.171875 3.875 0)
(31.71875 3.875 0)
(32.265625 3.875 0)
(32.8125 3.875 0)
(33.359375 3.875 0)
(33.90625 3.875 0)
(34.453125 3.875 0)
(35 3.875 0)
(0 4 0)
(0.546875 4 0)
(1.09375 4 0)
(1.640625 4 0)
(2.1875 4 0)
(2.734375 4 0)
(3.28125 4 0)
(3.828125 4 0)
(4.375 4 0)
(4.921875 4 0)
(5.46875 4 0)
(6.015625 4 0)
(6.5625 4 0)
(7.109375 4 0)
(7.65625 4 0)
(8.203125 4 0)
(8.75 4 0)
(9.296875 4 0)
(9.84375 4 0)
(10.390625 4 0)
(10.9375 4 0)
(11.484375 4 0)
(12.03125 4 0)
(12.578125 4 0)
(13.125 4 0)
(13.671875 4 0)
(14.21875 4 0)
(14.765625 4 0)
(15.3125 4 0)
(15.859375 4 0)
(16.40625 4 0)
(16.953125 4 0)
(17.5 4 0)
(18.046875 4 0)
(18.59375 4 0)
(19.140625 4 0)
(19.6875 4 0)
(20.234375 4 0)
(20.78125 4 0)
(21.328125 4 0)
(21.875 4 0)
(22.421875 4 0)
(22.96875 4 0)
(23.515625 4 0)
(24.0625 4 0)
(24.609375 4 0)
(25.15625 4 0)
(25.703125 4 0)
(26.25 4 0)
(26.796875 4 0)
(27.34375 4 0)
(27.890625 4 0)
(28.4375 4 0)
(28.984375 4 0)
(29.53125 4 0)
(30.078125 4 0)
(30.625 4 0)
(31.171875 4 0)
(31.71875 4 0)
(32.265625 4 0)
(32.8125 4 0)
(33.359375 4 0)
(33.90625 4 0)
(34.453125 4 0)
(35 4 0)
(0 0 0.1)
(0.546875 0 0.1)
(1.09375 0 0.1)
(1.640625 0 0.1)
(2.1875 0 0.1)
(2.734375 0 0.1)
(3.28125 0 0.1)
(3.828125 0 0.1)
(4.375 0 0.1)
(4.921875 0 0.1)
(5.46875 0 0.1)
(6.015625 0 0.1)
(6.5625 0 0.1)
(7.109375 0 0.1)
(7.65625 0 0.1)
(8.203125 0 0.1)
(8.75 0 0.1)
(9.296875 0 0.1)
(9.84375 0 0.1)
(10.390625 0 0.1)
(10.9375 0 0.1)
(11.484375 0 0.1)
(12.03125 0 0.1)
(12.578125 0 0.1)
(13.125 0 0.1)
(13.671875 0 0.1)
(14.21875 0 0.1)
(14.765625 0 0.1)
(15.3125 0 0.1)
(15.859375 0 0.1)
(16.40625 0 0.1)
(16.953125 0 0.1)
(17.5 0 0.1)
(18.046875 0 0.1)
(18.59375 0 0.1)
(19.140625 0 0.1)
(19.6875 0 0.1)
(20.234375 0 0.1)
(20.78125 0 0.1)
(21.328125 0 0.1)
(21.875 0 0.1)
(22.421875 0 0.1)
(22.96875 0 0.1)
(23.515625 0 0.1)
(24.0625 0 0.1)
(24.609375 0 0.1)
(25.15625 0 0.1)
(25.703125 0 0.1)
(26.25 0 0.1)
(26.796875 0 0.1)
(27.34375 0 0.1)
(27.890625 0 0.1)
(28.4375 0 0.1)
(28.984375 0 0.1)
(29.53125 0 0.1)
(30.078125 0 0.1)
(30.625 0 0.1)
(31.171875 0 0.1)
(31.71875 0 0.1)
(32.265625 0 0.1)
(32.8125 0 0.1)
(33.359375 0 0.1)
(33.90625 0 0.1)
(34.453125 0 0.1)
(35 0 0.1)
(0 0.125 0.1)
(0.546875 0.125 0.1)
(1.09375 0.125 0.1)
(1.640625 0.125 0.1)
(2.1875 0.125 0.1)
(2.734375 0.125 0.1)
(3.28125 0.125 0.1)
(3.828125 0.125 0.1)
(4.375 0.125 0.1)
(4.921875 0.125 0.1)
(5.46875 0.125 0.1)
(6.015625 0.125 0.1)
(6.5625 0.125 0.1)
(7.109375 0.125 0.1)
(7.65625 0.125 0.1)
(8.203125 0.125 0.1)
(8.75 0.125 0.1)
(9.296875 0.125 0.1)
(9.84375 0.125 0.1)
(10.390625 0.125 0.1)
(10.9375 0.125 0.1)
(11.484375 0.125 0.1)
(12.03125 0.125 0.1)
(12.578125 0.125 0.1)
(13.125 0.125 0.1)
(13.671875 0.125 0.1)
(14.21875 0.125 0.1)
(14.765625 0.125 0.1)
(15.3125 0.125 0.1)
(15.859375 0.125 0.1)
(16.40625 0.125 0.1)
(16.953125 0.125 0.1)
(17.5 0.125 0.1)
(18.046875 0.125 0.1)
(18.59375 0.125 0.1)
(19.140625 0.125 0.1)
(19.6875 0.125 0.1)
(20.234375 0.125 0.1)
(20.78125 0.125 0.1)
(21.328125 0.125 0.1)
(21.875 0.125 0.1)
(22.421875 0.125 0.1)
(22.96875 0.125 0.1)
(23.515625 0.125 0.1)
(24.0625 0.125 0.1)
(24.609375 0.125 0.1)
(25.15625 0.125 0.1)
(25.703125 0.125 0.1)
(26.25 0.125 0.1)
(26.796875 0.125 0.1)
(27.34375 0.125 0.1)
(27.890625 0.125 0.1)
(28.4375 0.125 0.1)
(28.984375 0.125 0.1)
(29.53125 0.125 0.1)
(30.078125 0.125 0.1)
(30.625 0.125 0.1)
(31.171875 0.125 0.1)
(31.71875 0.125 0.1)
(32.265625 0.125 0.1)
(32.8125 0.125 0.1)
(33.359375 0.125 0.1)
(33.90625 0.125 0.1)
(34.453125 0.125 0.1)
(35 0.125 0.1)
(0 0.25 0.1)
(0.546875 0.25 0.1)
(1.09375 0.25 0.1)
(1.640625 0.25 0.1)
(2.1875 0.25 0.1)
(2.734375 0.25 0.1)
(3.28125 0.25 0.1)
(3.828125 0.25 0.1)
(4.375 0.25 0.1)
(4.921875 0.25 0.1)
(5.46875 0.25 0.1)
(6.015625 0.25 0.1)
(6.5625 0.25 0.1)
(7.109375 0.25 0.1)
(7.65625 0.25 0.1)
(8.203125 0.25 0.1)
(8.75 0.25 0.1)
(9.296875 0.25 0.1)
(9.84375 0.25 0.1)
(10.390625 0.25 0.1)
(10.9375 0.25 0.1)
(11.484375 0.25 0.1)
(12.03125 0.25 0.1)
(12.578125 0.25 0.1)
(13.125 0.25 0.1)
(13.671875 0.25 0.1)
(14.21875 0.25 0.1)
(14.765625 0.25 0.1)
(15.3125 0.25 0.1)
(15.859375 0.25 0.1)
(16.40625 0.25 0.1)
(16.953125 0.25 0.1)
(17.5 0.25 0.1)
(18.046875 0.25 0.1)
(18.59375 0.25 0.1)
(19.140625 0.25 0.1)
(19.6875 0.25 0.1)
(20.234375 0.25 0.1)
(20.78125 0.25 0.1)
(21.328125 0.25 0.1)
(21.875 0.25 0.1)
(22.421875 0.25 0.1)
(22.96875 0.25 0.1)
(23.515625 0.25 0.1)
(24.0625 0.25 0.1)
(24.609375 0.25 0.1)
(25.15625 0.25 0.1)
(25.703125 0.25 0.1)
(26.25 0.25 0.1)
(26.796875 0.25 0.1)
(27.34375 0.25 0.1)
(27.890625 0.25 0.1)
(28.4375 0.25 0.1)
(28.984375 0.25 0.1)
(29.53125 0.25 0.1)
(30.078125 0.25 0.1)
(30.625 0.25 0.1)
(31.171875 0.25 0.1)
(31.71875 0.25 0.1)
(32.265625 0.25 0.1)
(32.8125 0.25 0.1)
(33.359375 0.25 0.1)
(33.90625 0.25 0.1)
(34.453125 0.25 0.1)
(35 0.25 0.1)
(0 0.375 0.1)
(0.546875 0.375 0.1)
(1.09375 0.375 0.1)
(1.640625 0.375 0.1)
(2.1875 0.375 0.1)
(2.734375 0.375 0.1)
(3.28125 0.375 0.1)
(3.828125 0.375 0.1)
(4.375 0.375 0.1)
(4.921875 0.375 0.1)
(5.46875 0.375 0.1)
(6.015625 0.375 0.1)
(6.5625 0.375 0.1)
(7.109375 0.375 0.1)
(7.65625 0.375 0.1)
(8.203125 0.375 0.1)
(8.75 0.375 0.1)
(9.296875 0.375 0.1)
(9.84375 0.375 0.1)
(10.390625 0.375 0.1)
(10.9375 0.375 0.1)
(11.484375 0.375 0.1)
(12.03125 0.375 0.1)
(12.578125 0.375 0.1)
(13.125 0.375 0.1)
(13.671875 0.375 0.1)
(14.21875 0.375 0.1)
(14.765625 0.375 0.1)
(15.3125 0.375 0.1)
(15.859375 0.375 0.1)
(16.40625 0.375 0.1)
(16.953125 0.375 0.1)
(17.5 0.375 0.1)
(18.046875 0.375 0.1)
(18.59375 0.375 0.1)
(19.140625 0.375 0.1)
(19.6875 0.375 0.1)
(20.234375 0.375 0.1)
(20.78125 0.375 0.1)
(21.328125 0.375 0.1)
(21.875 0.375 0.1)
(22.421875 0.375 0.1)
(22.96875 0.375 0.1)
(23.515625 0.375 0.1)
(24.0625 0.375 0.1)
(24.609375 0.375 0.1)
(25.15625 0.375 0.1)
(25.703125 0.375 0.1)
(26.25 0.375 0.1)
(26.796875 0.375 0.1)
(27.34375 0.375 0.1)
(27.890625 0.375 0.1)
(28.4375 0.375 0.1)
(28.984375 0.375 0.1)
(29.53125 0.375 0.1)
(30.078125 0.375 0.1)
(30.625 0.375 0.1)
(31.171875 0.375 0.1)
(31.71875 0.375 0.1)
(32.265625 0.375 0.1)
(32.8125 0.375 0.1)
(33.359375 0.375 0.1)
(33.90625 0.375 0.1)
(34.453125 0.375 0.1)
(35 0.375 0.1)
(0 0.5 0.1)
(0.546875 0.5 0.1)
(1.09375 0.5 0.1)
(1.640625 0.5 0.1)
(2.1875 0.5 0.1)
(2.734375 0.5 0.1)
(3.28125 0.5 0.1)
(3.828125 0.5 0.1)
(4.375 0.5 0.1)
(4.921875 0.5 0.1)
(5.46875 0.5 0.1)
(6.015625 0.5 0.1)
(6.5625 0.5 0.1)
(7.109375 0.5 0.1)
(7.65625 0.5 0.1)
(8.203125 0.5 0.1)
(8.75 0.5 0.1)
(9.296875 0.5 0.1)
(9.84375 0.5 0.1)
(10.390625 0.5 0.1)
(10.9375 0.5 0.1)
(11.484375 0.5 0.1)
(12.03125 0.5 0.1)
(12.578125 0.5 0.1)
(13.125 0.5 0.1)
(13.671875 0.5 0.1)
(14.21875 0.5 0.1)
(14.765625 0.5 0.1)
(15.3125 0.5 0.1)
(15.859375 0.5 0.1)
(16.40625 0.5 0.1)
(16.953125 0.5 0.1)
(17.5 0.5 0.1)
(18.046875 0.5 0.1)
(18.59375 0.5 0.1)
(19.140625 0.5 0.1)
(19.6875 0.5 0.1)
(20.234375 0.5 0.1)
(20.78125 0.5 0.1)
(21.328125 0.5 0.1)
(21.875 0.5 0.1)
(22.421875 0.5 0.1)
(22.96875 0.5 0.1)
(23.515625 0.5 0.1)
(24.0625 0.5 0.1)
(24.609375 0.5 0.1)
(25.15625 0.5 0.1)
(25.703125 0.5 0.1)
(26.25 0.5 0.1)
(26.796875 0.5 0.1)
(27.34375 0.5 0.1)
(27.890625 0.5 0.1)
(28.4375 0.5 0.1)
(28.984375 0.5 0.1)
(29.53125 0.5 0.1)
(30.078125 0.5 0.1)
(30.625 0.5 0.1)
(31.171875 0.5 0.1)
(31.71875 0.5 0.1)
(32.265625 0.5 0.1)
(32.8125 0.5 0.1)
(33.359375 0.5 0.1)
(33.90625 0.5 0.1)
(34.453125 0.5 0.1)
(35 0.5 0.1)
(0 0.625 0.1)
(0.546875 0.625 0.1)
(1.09375 0.625 0.1)
(1.640625 0.625 0.1)
(2.1875 0.625 0.1)
(2.734375 0.625 0.1)
(3.28125 0.625 0.1)
(3.828125 0.625 0.1)
(4.375 0.625 0.1)
(4.921875 0.625 0.1)
(5.46875 0.625 0.1)
(6.015625 0.625 0.1)
(6.5625 0.625 0.1)
(7.109375 0.625 0.1)
(7.65625 0.625 0.1)
(8.203125 0.625 0.1)
(8.75 0.625 0.1)
(9.296875 0.625 0.1)
(9.84375 0.625 0.1)
(10.390625 0.625 0.1)
(10.9375 0.625 0.1)
(11.484375 0.625 0.1)
(12.03125 0.625 0.1)
(12.578125 0.625 0.1)
(13.125 0.625 0.1)
(13.671875 0.625 0.1)
(14.21875 0.625 0.1)
(14.765625 0.625 0.1)
(15.3125 0.625 0.1)
(15.859375 0.625 0.1)
(16.40625 0.625 0.1)
(16.953125 0.625 0.1)
(17.5 0.625 0.1)
(18.046875 0.625 0.1)
(18.59375 0.625 0.1)
(19.140625 0.625 0.1)
(19.6875 0.625 0.1)
(20.234375 0.625 0.1)
(20.78125 0.625 0.1)
(21.328125 0.625 0.1)
(21.875 0.625 0.1)
(22.421875 0.625 0.1)
(22.96875 0.625 0.1)
(23.515625 0.625 0.1)
(24.0625 0.625 0.1)
(24.609375 0.625 0.1)
(25.15625 0.625 0.1)
(25.703125 0.625 0.1)
(26.25 0.625 0.1)
(26.796875 0.625 0.1)
(27.34375 0.625 0.1)
(27.890625 0.625 0.1)
(28.4375 0.625 0.1)
(28.984375 0.625 0.1)
(29.53125 0.625 0.1)
(30.078125 0.625 0.1)
(30.625 0.625 0.1)
(31.171875 0.625 0.1)
(31.71875 0.625 0.1)
(32.265625 0.625 0.1)
(32.8125 0.625 0.1)
(33.359375 0.625 0.1)
(33.90625 0.625 0.1)
(34.453125 0.625 0.1)
(35 0.625 0.1)
(0 0.75 0.1)
(0.546875 0.75 0.1)
(1.09375 0.75 0.1)
(1.640625 0.75 0.1)
(2.1875 0.75 0.1)
(2.734375 0.75 0.1)
(3.28125 0.75 0.1)
(3.828125 0.75 0.1)
(4.375 0.75 0.1)
(4.921875 0.75 0.1)
(5.46875 0.75 0.1)
(6.015625 0.75 0.1)
(6.5625 0.75 0.1)
(7.109375 0.75 0.1)
(7.65625 0.75 0.1)
(8.203125 0.75 0.1)
(8.75 0.75 0.1)
(9.296875 0.75 0.1)
(9.84375 0.75 0.1)
(10.390625 0.75 0.1)
(10.9375 0.75 0.1)
(11.484375 0.75 0.1)
(12.03125 0.75 0.1)
(12.578125 0.75 0.1)
(13.125 0.75 0.1)
(13.671875 0.75 0.1)
(14.21875 0.75 0.1)
(14.765625 0.75 0.1)
(15.3125 0.75 0.1)
(15.859375 0.75 0.1)
(16.40625 0.75 0.1)
(16.953125 0.75 0.1)
(17.5 0.75 0.1)
(18.046875 0.75 0.1)
(18.59375 0.75 0.1)
(19.140625 0.75 0.1)
(19.6875 0.75 0.1)
(20.234375 0.75 0.1)
(20.78125 0.75 0.1)
(21.328125 0.75 0.1)
(21.875 0.75 0.1)
(22.421875 0.75 0.1)
(22.96875 0.75 0.1)
(23.515625 0.75 0.1)
(24.0625 0.75 0.1)
(24.609375 0.75 0.1)
(25.15625 0.75 0.1)
(25.703125 0.75 0.1)
(26.25 0.75 0.1)
(26.796875 0.75 0.1)
(27.34375 0.75 0.1)
(27.890625 0.75 0.1)
(28.4375 0.75 0.1)
(28.984375 0.75 0.1)
(29.53125 0.75 0.1)
(30.078125 0.75 0.1)
(30.625 0.75 0.1)
(31.171875 0.75 0.1)
(31.71875 0.75 0.1)
(32.265625 0.75 0.1)
(32.8125 0.75 0.1)
(33.359375 0.75 0.1)
(33.90625 0.75 0.1)
(34.453125 0.75 0.1)
(35 0.75 0.1)
(0 0.875 0.1)
(0.546875 0.875 0.1)
(1.09375 0.875 0.1)
(1.640625 0.875 0.1)
(2.1875 0.875 0.1)
(2.734375 0.875 0.1)
(3.28125 0.875 0.1)
(3.828125 0.875 0.1)
(4.375 0.875 0.1)
(4.921875 0.875 0.1)
(5.46875 0.875 0.1)
(6.015625 0.875 0.1)
(6.5625 0.875 0.1)
(7.109375 0.875 0.1)
(7.65625 0.875 0.1)
(8.203125 0.875 0.1)
(8.75 0.875 0.1)
(9.296875 0.875 0.1)
(9.84375 0.875 0.1)
(10.390625 0.875 0.1)
(10.9375 0.875 0.1)
(11.484375 0.875 0.1)
(12.03125 0.875 0.1)
(12.578125 0.875 0.1)
(13.125 0.875 0.1)
(13.671875 0.875 0.1)
(14.21875 0.875 0.1)
(14.765625 0.875 0.1)
(15.3125 0.875 0.1)
(15.859375 0.875 0.1)
(16.40625 0.875 0.1)
(16.953125 0.875 0.1)
(17.5 0.875 0.1)
(18.046875 0.875 0.1)
(18.59375 0.875 0.1)
(19.140625 0.875 0.1)
(19.6875 0.875 0.1)
(20.234375 0.875 0.1)
(20.78125 0.875 0.1)
(21.328125 0.875 0.1)
(21.875 0.875 0.1)
(22.421875 0.875 0.1)
(22.96875 0.875 0.1)
(23.515625 0.875 0.1)
(24.0625 0.875 0.1)
(24.609375 0.875 0.1)
(25.15625 0.875 0.1)
(25.703125 0.875 0.1)
(26.25 0.875 0.1)
(26.796875 0.875 0.1)
(27.34375 0.875 0.1)
(27.890625 0.875 0.1)
(28.4375 0.875 0.1)
(28.984375 0.875 0.1)
(29.53125 0.875 0.1)
(30.078125 0.875 0.1)
(30.625 0.875 0.1)
(31.171875 0.875 0.1)
(31.71875 0.875 0.1)
(32.265625 0.875 0.1)
(32.8125 0.875 0.1)
(33.359375 0.875 0.1)
(33.90625 0.875 0.1)
(34.453125 0.875 0.1)
(35 0.875 0.1)
(0 1 0.1)
(0.546875 1 0.1)
(1.09375 1 0.1)
(1.640625 1 0.1)
(2.1875 1 0.1)
(2.734375 1 0.1)
(3.28125 1 0.1)
(3.828125 1 0.1)
(4.375 1 0.1)
(4.921875 1 0.1)
(5.46875 1 0.1)
(6.015625 1 0.1)
(6.5625 1 0.1)
(7.109375 1 0.1)
(7.65625 1 0.1)
(8.203125 1 0.1)
(8.75 1 0.1)
(9.296875 1 0.1)
(9.84375 1 0.1)
(10.390625 1 0.1)
(10.9375 1 0.1)
(11.484375 1 0.1)
(12.03125 1 0.1)
(12.578125 1 0.1)
(13.125 1 0.1)
(13.671875 1 0.1)
(14.21875 1 0.1)
(14.765625 1 0.1)
(15.3125 1 0.1)
(15.859375 1 0.1)
(16.40625 1 0.1)
(16.953125 1 0.1)
(17.5 1 0.1)
(18.046875 1 0.1)
(18.59375 1 0.1)
(19.140625 1 0.1)
(19.6875 1 0.1)
(20.234375 1 0.1)
(20.78125 1 0.1)
(21.328125 1 0.1)
(21.875 1 0.1)
(22.421875 1 0.1)
(22.96875 1 0.1)
(23.515625 1 0.1)
(24.0625 1 0.1)
(24.609375 1 0.1)
(25.15625 1 0.1)
(25.703125 1 0.1)
(26.25 1 0.1)
(26.796875 1 0.1)
(27.34375 1 0.1)
(27.890625 1 0.1)
(28.4375 1 0.1)
(28.984375 1 0.1)
(29.53125 1 0.1)
(30.078125 1 0.1)
(30.625 1 0.1)
(31.171875 1 0.1)
(31.71875 1 0.1)
(32.265625 1 0.1)
(32.8125 1 0.1)
(33.359375 1 0.1)
(33.90625 1 0.1)
(34.453125 1 0.1)
(35 1 0.1)
(0 1.125 0.1)
(0.546875 1.125 0.1)
(1.09375 1.125 0.1)
(1.640625 1.125 0.1)
(2.1875 1.125 0.1)
(2.734375 1.125 0.1)
(3.28125 1.125 0.1)
(3.828125 1.125 0.1)
(4.375 1.125 0.1)
(4.921875 1.125 0.1)
(5.46875 1.125 0.1)
(6.015625 1.125 0.1)
(6.5625 1.125 0.1)
(7.109375 1.125 0.1)
(7.65625 1.125 0.1)
(8.203125 1.125 0.1)
(8.75 1.125 0.1)
(9.296875 1.125 0.1)
(9.84375 1.125 0.1)
(10.390625 1.125 0.1)
(10.9375 1.125 0.1)
(11.484375 1.125 0.1)
(12.03125 1.125 0.1)
(12.578125 1.125 0.1)
(13.125 1.125 0.1)
(13.671875 1.125 0.1)
(14.21875 1.125 0.1)
(14.765625 1.125 0.1)
(15.3125 1.125 0.1)
(15.859375 1.125 0.1)
(16.40625 1.125 0.1)
(16.953125 1.125 0.1)
(17.5 1.125 0.1)
(18.046875 1.125 0.1)
(18.59375 1.125 0.1)
(19.140625 1.125 0.1)
(19.6875 1.125 0.1)
(20.234375 1.125 0.1)
(20.78125 1.125 0.1)
(21.328125 1.125 0.1)
(21.875 1.125 0.1)
(22.421875 1.125 0.1)
(22.96875 1.125 0.1)
(23.515625 1.125 0.1)
(24.0625 1.125 0.1)
(24.609375 1.125 0.1)
(25.15625 1.125 0.1)
(25.703125 1.125 0.1)
(26.25 1.125 0.1)
(26.796875 1.125 0.1)
(27.34375 1.125 0.1)
(27.890625 1.125 0.1)
(28.4375 1.125 0.1)
(28.984375 1.125 0.1)
(29.53125 1.125 0.1)
(30.078125 1.125 0.1)
(30.625 1.125 0.1)
(31.171875 1.125 0.1)
(31.71875 1.125 0.1)
(32.265625 1.125 0.1)
(32.8125 1.125 0.1)
(33.359375 1.125 0.1)
(33.90625 1.125 0.1)
(34.453125 1.125 0.1)
(35 1.125 0.1)
(0 1.25 0.1)
(0.546875 1.25 0.1)
(1.09375 1.25 0.1)
(1.640625 1.25 0.1)
(2.1875 1.25 0.1)
(2.734375 1.25 0.1)
(3.28125 1.25 0.1)
(3.828125 1.25 0.1)
(4.375 1.25 0.1)
(4.921875 1.25 0.1)
(5.46875 1.25 0.1)
(6.015625 1.25 0.1)
(6.5625 1.25 0.1)
(7.109375 1.25 0.1)
(7.65625 1.25 0.1)
(8.203125 1.25 0.1)
(8.75 1.25 0.1)
(9.296875 1.25 0.1)
(9.84375 1.25 0.1)
(10.390625 1.25 0.1)
(10.9375 1.25 0.1)
(11.484375 1.25 0.1)
(12.03125 1.25 0.1)
(12.578125 1.25 0.1)
(13.125 1.25 0.1)
(13.671875 1.25 0.1)
(14.21875 1.25 0.1)
(14.765625 1.25 0.1)
(15.3125 1.25 0.1)
(15.859375 1.25 0.1)
(16.40625 1.25 0.1)
(16.953125 1.25 0.1)
(17.5 1.25 0.1)
(18.046875 1.25 0.1)
(18.59375 1.25 0.1)
(19.140625 1.25 0.1)
(19.6875 1.25 0.1)
(20.234375 1.25 0.1)
(20.78125 1.25 0.1)
(21.328125 1.25 0.1)
(21.875 1.25 0.1)
(22.421875 1.25 0.1)
(22.96875 1.25 0.1)
(23.515625 1.25 0.1)
(24.0625 1.25 0.1)
(24.609375 1.25 0.1)
(25.15625 1.25 0.1)
(25.703125 1.25 0.1)
(26.25 1.25 0.1)
(26.796875 1.25 0.1)
(27.34375 1.25 0.1)
(27.890625 1.25 0.1)
(28.4375 1.25 0.1)
(28.984375 1.25 0.1)
(29.53125 1.25 0.1)
(30.078125 1.25 0.1)
(30.625 1.25 0.1)
(31.171875 1.25 0.1)
(31.71875 1.25 0.1)
(32.265625 1.25 0.1)
(32.8125 1.25 0.1)
(33.359375 1.25 0.1)
(33.90625 1.25 0.1)
(34.453125 1.25 0.1)
(35 1.25 0.1)
(0 1.375 0.1)
(0.546875 1.375 0.1)
(1.09375 1.375 0.1)
(1.640625 1.375 0.1)
(2.1875 1.375 0.1)
(2.734375 1.375 0.1)
(3.28125 1.375 0.1)
(3.828125 1.375 0.1)
(4.375 1.375 0.1)
(4.921875 1.375 0.1)
(5.46875 1.375 0.1)
(6.015625 1.375 0.1)
(6.5625 1.375 0.1)
(7.109375 1.375 0.1)
(7.65625 1.375 0.1)
(8.203125 1.375 0.1)
(8.75 1.375 0.1)
(9.296875 1.375 0.1)
(9.84375 1.375 0.1)
(10.390625 1.375 0.1)
(10.9375 1.375 0.1)
(11.484375 1.375 0.1)
(12.03125 1.375 0.1)
(12.578125 1.375 0.1)
(13.125 1.375 0.1)
(13.671875 1.375 0.1)
(14.21875 1.375 0.1)
(14.765625 1.375 0.1)
(15.3125 1.375 0.1)
(15.859375 1.375 0.1)
(16.40625 1.375 0.1)
(16.953125 1.375 0.1)
(17.5 1.375 0.1)
(18.046875 1.375 0.1)
(18.59375 1.375 0.1)
(19.140625 1.375 0.1)
(19.6875 1.375 0.1)
(20.234375 1.375 0.1)
(20.78125 1.375 0.1)
(21.328125 1.375 0.1)
(21.875 1.375 0.1)
(22.421875 1.375 0.1)
(22.96875 1.375 0.1)
(23.515625 1.375 0.1)
(24.0625 1.375 0.1)
(24.609375 1.375 0.1)
(25.15625 1.375 0.1)
(25.703125 1.375 0.1)
(26.25 1.375 0.1)
(26.796875 1.375 0.1)
(27.34375 1.375 0.1)
(27.890625 1.375 0.1)
(28.4375 1.375 0.1)
(28.984375 1.375 0.1)
(29.53125 1.375 0.1)
(30.078125 1.375 0.1)
(30.625 1.375 0.1)
(31.171875 1.375 0.1)
(31.71875 1.375 0.1)
(32.265625 1.375 0.1)
(32.8125 1.375 0.1)
(33.359375 1.375 0.1)
(33.90625 1.375 0.1)
(34.453125 1.375 0.1)
(35 1.375 0.1)
(0 1.5 0.1)
(0.546875 1.5 0.1)
(1.09375 1.5 0.1)
(1.640625 1.5 0.1)
(2.1875 1.5 0.1)
(2.734375 1.5 0.1)
(3.28125 1.5 0.1)
(3.828125 1.5 0.1)
(4.375 1.5 0.1)
(4.921875 1.5 0.1)
(5.46875 1.5 0.1)
(6.015625 1.5 0.1)
(6.5625 1.5 0.1)
(7.109375 1.5 0.1)
(7.65625 1.5 0.1)
(8.203125 1.5 0.1)
(8.75 1.5 0.1)
(9.296875 1.5 0.1)
(9.84375 1.5 0.1)
(10.390625 1.5 0.1)
(10.9375 1.5 0.1)
(11.484375 1.5 0.1)
(12.03125 1.5 0.1)
(12.578125 1.5 0.1)
(13.125 1.5 0.1)
(13.671875 1.5 0.1)
(14.21875 1.5 0.1)
(14.765625 1.5 0.1)
(15.3125 1.5 0.1)
(15.859375 1.5 0.1)
(16.40625 1.5 0.1)
(16.953125 1.5 0.1)
(17.5 1.5 0.1)
(18.046875 1.5 0.1)
(18.59375 1.5 0.1)
(19.140625 1.5 0.1)
(19.6875 1.5 0.1)
(20.234375 1.5 0.1)
(20.78125 1.5 0.1)
(21.328125 1.5 0.1)
(21.875 1.5 0.1)
(22.421875 1.5 0.1)
(22.96875 1.5 0.1)
(23.515625 1.5 0.1)
(24.0625 1.5 0.1)
(24.609375 1.5 0.1)
(25.15625 1.5 0.1)
(25.703125 1.5 0.1)
(26.25 1.5 0.1)
(26.796875 1.5 0.1)
(27.34375 1.5 0.1)
(27.890625 1.5 0.1)
(28.4375 1.5 0.1)
(28.984375 1.5 0.1)
(29.53125 1.5 0.1)
(30.078125 1.5 0.1)
(30.625 1.5 0.1)
(31.171875 1.5 0.1)
(31.71875 1.5 0.1)
(32.265625 1.5 0.1)
(32.8125 1.5 0.1)
(33.359375 1.5 0.1)
(33.90625 1.5 0.1)
(34.453125 1.5 0.1)
(35 1.5 0.1)
(0 1.625 0.1)
(0.546875 1.625 0.1)
(1.09375 1.625 0.1)
(1.640625 1.625 0.1)
(2.1875 1.625 0.1)
(2.734375 1.625 0.1)
(3.28125 1.625 0.1)
(3.828125 1.625 0.1)
(4.375 1.625 0.1)
(4.921875 1.625 0.1)
(5.46875 1.625 0.1)
(6.015625 1.625 0.1)
(6.5625 1.625 0.1)
(7.109375 1.625 0.1)
(7.65625 1.625 0.1)
(8.203125 1.625 0.1)
(8.75 1.625 0.1)
(9.296875 1.625 0.1)
(9.84375 1.625 0.1)
(10.390625 1.625 0.1)
(10.9375 1.625 0.1)
(11.484375 1.625 0.1)
(12.03125 1.625 0.1)
(12.578125 1.625 0.1)
(13.125 1.625 0.1)
(13.671875 1.625 0.1)
(14.21875 1.625 0.1)
(14.765625 1.625 0.1)
(15.3125 1.625 0.1)
(15.859375 1.625 0.1)
(16.40625 1.625 0.1)
(16.953125 1.625 0.1)
(17.5 1.625 0.1)
(18.046875 1.625 0.1)
(18.59375 1.625 0.1)
(19.140625 1.625 0.1)
(19.6875 1.625 0.1)
(20.234375 1.625 0.1)
(20.78125 1.625 0.1)
(21.328125 1.625 0.1)
(21.875 1.625 0.1)
(22.421875 1.625 0.1)
(22.96875 1.625 0.1)
(23.515625 1.625 0.1)
(24.0625 1.625 0.1)
(24.609375 1.625 0.1)
(25.15625 1.625 0.1)
(25.703125 1.625 0.1)
(26.25 1.625 0.1)
(26.796875 1.625 0.1)
(27.34375 1.625 0.1)
(27.890625 1.625 0.1)
(28.4375 1.625 0.1)
(28.984375 1.625 0.1)
(29.53125 1.625 0.1)
(30.078125 1.625 0.1)
(30.625 1.625 0.1)
(31.171875 1.625 0.1)
(31.71875 1.625 0.1)
(32.265625 1.625 0.1)
(32.8125 1.625 0.1)
(33.359375 1.625 0.1)
(33.90625 1.625 0.1)
(34.453125 1.625 0.1)
(35 1.625 0.1)
(0 1.75 0.1)
(0.546875 1.75 0.1)
(1.09375 1.75 0.1)
(1.640625 1.75 0.1)
(2.1875 1.75 0.1)
(2.734375 1.75 0.1)
(3.28125 1.75 0.1)
(3.828125 1.75 0.1)
(4.375 1.75 0.1)
(4.921875 1.75 0.1)
(5.46875 1.75 0.1)
(6.015625 1.75 0.1)
(6.5625 1.75 0.1)
(7.109375 1.75 0.1)
(7.65625 1.75 0.1)
(8.203125 1.75 0.1)
(8.75 1.75 0.1)
(9.296875 1.75 0.1)
(9.84375 1.75 0.1)
(10.390625 1.75 0.1)
(10.9375 1.75 0.1)
(11.484375 1.75 0.1)
(12.03125 1.75 0.1)
(12.578125 1.75 0.1)
(13.125 1.75 0.1)
(13.671875 1.75 0.1)
(14.21875 1.75 0.1)
(14.765625 1.75 0.1)
(15.3125 1.75 0.1)
(15.859375 1.75 0.1)
(16.40625 1.75 0.1)
(16.953125 1.75 0.1)
(17.5 1.75 0.1)
(18.046875 1.75 0.1)
(18.59375 1.75 0.1)
(19.140625 1.75 0.1)
(19.6875 1.75 0.1)
(20.234375 1.75 0.1)
(20.78125 1.75 0.1)
(21.328125 1.75 0.1)
(21.875 1.75 0.1)
(22.421875 1.75 0.1)
(22.96875 1.75 0.1)
(23.515625 1.75 0.1)
(24.0625 1.75 0.1)
(24.609375 1.75 0.1)
(25.15625 1.75 0.1)
(25.703125 1.75 0.1)
(26.25 1.75 0.1)
(26.796875 1.75 0.1)
(27.34375 1.75 0.1)
(27.890625 1.75 0.1)
(28.4375 1.75 0.1)
(28.984375 1.75 0.1)
(29.53125 1.75 0.1)
(30.078125 1.75 0.1)
(30.625 1.75 0.1)
(31.171875 1.75 0.1)
(31.71875 1.75 0.1)
(32.265625 1.75 0.1)
(32.8125 1.75 0.1)
(33.359375 1.75 0.1)
(33.90625 1.75 0.1)
(34.453125 1.75 0.1)
(35 1.75 0.1)
(0 1.875 0.1)
(0.546875 1.875 0.1)
(1.09375 1.875 0.1)
(1.640625 1.875 0.1)
(2.1875 1.875 0.1)
(2.734375 1.875 0.1)
(3.28125 1.875 0.1)
(3.828125 1.875 0.1)
(4.375 1.875 0.1)
(4.921875 1.875 0.1)
(5.46875 1.875 0.1)
(6.015625 1.875 0.1)
(6.5625 1.875 0.1)
(7.109375 1.875 0.1)
(7.65625 1.875 0.1)
(8.203125 1.875 0.1)
(8.75 1.875 0.1)
(9.296875 1.875 0.1)
(9.84375 1.875 0.1)
(10.390625 1.875 0.1)
(10.9375 1.875 0.1)
(11.484375 1.875 0.1)
(12.03125 1.875 0.1)
(12.578125 1.875 0.1)
(13.125 1.875 0.1)
(13.671875 1.875 0.1)
(14.21875 1.875 0.1)
(14.765625 1.875 0.1)
(15.3125 1.875 0.1)
(15.859375 1.875 0.1)
(16.40625 1.875 0.1)
(16.953125 1.875 0.1)
(17.5 1.875 0.1)
(18.046875 1.875 0.1)
(18.59375 1.875 0.1)
(19.140625 1.875 0.1)
(19.6875 1.875 0.1)
(20.234375 1.875 0.1)
(20.78125 1.875 0.1)
(21.328125 1.875 0.1)
(21.875 1.875 0.1)
(22.421875 1.875 0.1)
(22.96875 1.875 0.1)
(23.515625 1.875 0.1)
(24.0625 1.875 0.1)
(24.609375 1.875 0.1)
(25.15625 1.875 0.1)
(25.703125 1.875 0.1)
(26.25 1.875 0.1)
(26.796875 1.875 0.1)
(27.34375 1.875 0.1)
(27.890625 1.875 0.1)
(28.4375 1.875 0.1)
(28.984375 1.875 0.1)
(29.53125 1.875 0.1)
(30.078125 1.875 0.1)
(30.625 1.875 0.1)
(31.171875 1.875 0.1)
(31.71875 1.875 0.1)
(32.265625 1.875 0.1)
(32.8125 1.875 0.1)
(33.359375 1.875 0.1)
(33.90625 1.875 0.1)
(34.453125 1.875 0.1)
(35 1.875 0.1)
(0 2 0.1)
(0.546875 2 0.1)
(1.09375 2 0.1)
(1.640625 2 0.1)
(2.1875 2 0.1)
(2.734375 2 0.1)
(3.28125 2 0.1)
(3.828125 2 0.1)
(4.375 2 0.1)
(4.921875 2 0.1)
(5.46875 2 0.1)
(6.015625 2 0.1)
(6.5625 2 0.1)
(7.109375 2 0.1)
(7.65625 2 0.1)
(8.203125 2 0.1)
(8.75 2 0.1)
(9.296875 2 0.1)
(9.84375 2 0.1)
(10.390625 2 0.1)
(10.9375 2 0.1)
(11.484375 2 0.1)
(12.03125 2 0.1)
(12.578125 2 0.1)
(13.125 2 0.1)
(13.671875 2 0.1)
(14.21875 2 0.1)
(14.765625 2 0.1)
(15.3125 2 0.1)
(15.859375 2 0.1)
(16.40625 2 0.1)
(16.953125 2 0.1)
(17.5 2 0.1)
(18.046875 2 0.1)
(18.59375 2 0.1)
(19.140625 2 0.1)
(19.6875 2 0.1)
(20.234375 2 0.1)
(20.78125 2 0.1)
(21.328125 2 0.1)
(21.875 2 0.1)
(22.421875 2 0.1)
(22.96875 2 0.1)
(23.515625 2 0.1)
(24.0625 2 0.1)
(24.609375 2 0.1)
(25.15625 2 0.1)
(25.703125 2 0.1)
(26.25 2 0.1)
(26.796875 2 0.1)
(27.34375 2 0.1)
(27.890625 2 0.1)
(28.4375 2 0.1)
(28.984375 2 0.1)
(29.53125 2 0.1)
(30.078125 2 0.1)
(30.625 2 0.1)
(31.171875 2 0.1)
(31.71875 2 0.1)
(32.265625 2 0.1)
(32.8125 2 0.1)
(33.359375 2 0.1)
(33.90625 2 0.1)
(34.453125 2 0.1)
(35 2 0.1)
(0 2.125 0.1)
(0.546875 2.125 0.1)
(1.09375 2.125 0.1)
(1.640625 2.125 0.1)
(2.1875 2.125 0.1)
(2.734375 2.125 0.1)
(3.28125 2.125 0.1)
(3.828125 2.125 0.1)
(4.375 2.125 0.1)
(4.921875 2.125 0.1)
(5.46875 2.125 0.1)
(6.015625 2.125 0.1)
(6.5625 2.125 0.1)
(7.109375 2.125 0.1)
(7.65625 2.125 0.1)
(8.203125 2.125 0.1)
(8.75 2.125 0.1)
(9.296875 2.125 0.1)
(9.84375 2.125 0.1)
(10.390625 2.125 0.1)
(10.9375 2.125 0.1)
(11.484375 2.125 0.1)
(12.03125 2.125 0.1)
(12.578125 2.125 0.1)
(13.125 2.125 0.1)
(13.671875 2.125 0.1)
(14.21875 2.125 0.1)
(14.765625 2.125 0.1)
(15.3125 2.125 0.1)
(15.859375 2.125 0.1)
(16.40625 2.125 0.1)
(16.953125 2.125 0.1)
(17.5 2.125 0.1)
(18.046875 2.125 0.1)
(18.59375 2.125 0.1)
(19.140625 2.125 0.1)
(19.6875 2.125 0.1)
(20.234375 2.125 0.1)
(20.78125 2.125 0.1)
(21.328125 2.125 0.1)
(21.875 2.125 0.1)
(22.421875 2.125 0.1)
(22.96875 2.125 0.1)
(23.515625 2.125 0.1)
(24.0625 2.125 0.1)
(24.609375 2.125 0.1)
(25.15625 2.125 0.1)
(25.703125 2.125 0.1)
(26.25 2.125 0.1)
(26.796875 2.125 0.1)
(27.34375 2.125 0.1)
(27.890625 2.125 0.1)
(28.4375 2.125 0.1)
(28.984375 2.125 0.1)
(29.53125 2.125 0.1)
(30.078125 2.125 0.1)
(30.625 2.125 0.1)
(31.171875 2.125 0.1)
(31.71875 2.125 0.1)
(32.265625 2.125 0.1)
(32.8125 2.125 0.1)
(33.359375 2.125 0.1)
(33.90625 2.125 0.1)
(34.453125 2.125 0.1)
(35 2.125 0.1)
(0 2.25 0.1)
(0.546875 2.25 0.1)
(1.09375 2.25 0.1)
(1.640625 2.25 0.1)
(2.1875 2.25 0.1)
(2.734375 2.25 0.1)
(3.28125 2.25 0.1)
(3.828125 2.25 0.1)
(4.375 2.25 0.1)
(4.921875 2.25 0.1)
(5.46875 2.25 0.1)
(6.015625 2.25 0.1)
(6.5625 2.25 0.1)
(7.109375 2.25 0.1)
(7.65625 2.25 0.1)
(8.203125 2.25 0.1)
(8.75 2.25 0.1)
(9.296875 2.25 0.1)
(9.84375 2.25 0.1)
(10.390625 2.25 0.1)
(10.9375 2.25 0.1)
(11.484375 2.25 0.1)
(12.03125 2.25 0.1)
(12.578125 2.25 0.1)
(13.125 2.25 0.1)
(13.671875 2.25 0.1)
(14.21875 2.25 0.1)
(14.765625 2.25 0.1)
(15.3125 2.25 0.1)
(15.859375 2.25 0.1)
(16.40625 2.25 0.1)
(16.953125 2.25 0.1)
(17.5 2.25 0.1)
(18.046875 2.25 0.1)
(18.59375 2.25 0.1)
(19.140625 2.25 0.1)
(19.6875 2.25 0.1)
(20.234375 2.25 0.1)
(20.78125 2.25 0.1)
(21.328125 2.25 0.1)
(21.875 2.25 0.1)
(22.421875 2.25 0.1)
(22.96875 2.25 0.1)
(23.515625 2.25 0.1)
(24.0625 2.25 0.1)
(24.609375 2.25 0.1)
(25.15625 2.25 0.1)
(25.703125 2.25 0.1)
(26.25 2.25 0.1)
(26.796875 2.25 0.1)
(27.34375 2.25 0.1)
(27.890625 2.25 0.1)
(28.4375 2.25 0.1)
(28.984375 2.25 0.1)
(29.53125 2.25 0.1)
(30.078125 2.25 0.1)
(30.625 2.25 0.1)
(31.171875 2.25 0.1)
(31.71875 2.25 0.1)
(32.265625 2.25 0.1)
(32.8125 2.25 0.1)
(33.359375 2.25 0.1)
(33.90625 2.25 0.1)
(34.453125 2.25 0.1)
(35 2.25 0.1)
(0 2.375 0.1)
(0.546875 2.375 0.1)
(1.09375 2.375 0.1)
(1.640625 2.375 0.1)
(2.1875 2.375 0.1)
(2.734375 2.375 0.1)
(3.28125 2.375 0.1)
(3.828125 2.375 0.1)
(4.375 2.375 0.1)
(4.921875 2.375 0.1)
(5.46875 2.375 0.1)
(6.015625 2.375 0.1)
(6.5625 2.375 0.1)
(7.109375 2.375 0.1)
(7.65625 2.375 0.1)
(8.203125 2.375 0.1)
(8.75 2.375 0.1)
(9.296875 2.375 0.1)
(9.84375 2.375 0.1)
(10.390625 2.375 0.1)
(10.9375 2.375 0.1)
(11.484375 2.375 0.1)
(12.03125 2.375 0.1)
(12.578125 2.375 0.1)
(13.125 2.375 0.1)
(13.671875 2.375 0.1)
(14.21875 2.375 0.1)
(14.765625 2.375 0.1)
(15.3125 2.375 0.1)
(15.859375 2.375 0.1)
(16.40625 2.375 0.1)
(16.953125 2.375 0.1)
(17.5 2.375 0.1)
(18.046875 2.375 0.1)
(18.59375 2.375 0.1)
(19.140625 2.375 0.1)
(19.6875 2.375 0.1)
(20.234375 2.375 0.1)
(20.78125 2.375 0.1)
(21.328125 2.375 0.1)
(21.875 2.375 0.1)
(22.421875 2.375 0.1)
(22.96875 2.375 0.1)
(23.515625 2.375 0.1)
(24.0625 2.375 0.1)
(24.609375 2.375 0.1)
(25.15625 2.375 0.1)
(25.703125 2.375 0.1)
(26.25 2.375 0.1)
(26.796875 2.375 0.1)
(27.34375 2.375 0.1)
(27.890625 2.375 0.1)
(28.4375 2.375 0.1)
(28.984375 2.375 0.1)
(29.53125 2.375 0.1)
(30.078125 2.375 0.1)
(30.625 2.375 0.1)
(31.171875 2.375 0.1)
(31.71875 2.375 0.1)
(32.265625 2.375 0.1)
(32.8125 2.375 0.1)
(33.359375 2.375 0.1)
(33.90625 2.375 0.1)
(34.453125 2.375 0.1)
(35 2.375 0.1)
(0 2.5 0.1)
(0.546875 2.5 0.1)
(1.09375 2.5 0.1)
(1.640625 2.5 0.1)
(2.1875 2.5 0.1)
(2.734375 2.5 0.1)
(3.28125 2.5 0.1)
(3.828125 2.5 0.1)
(4.375 2.5 0.1)
(4.921875 2.5 0.1)
(5.46875 2.5 0.1)
(6.015625 2.5 0.1)
(6.5625 2.5 0.1)
(7.109375 2.5 0.1)
(7.65625 2.5 0.1)
(8.203125 2.5 0.1)
(8.75 2.5 0.1)
(9.296875 2.5 0.1)
(9.84375 2.5 0.1)
(10.390625 2.5 0.1)
(10.9375 2.5 0.1)
(11.484375 2.5 0.1)
(12.03125 2.5 0.1)
(12.578125 2.5 0.1)
(13.125 2.5 0.1)
(13.671875 2.5 0.1)
(14.21875 2.5 0.1)
(14.765625 2.5 0.1)
(15.3125 2.5 0.1)
(15.859375 2.5 0.1)
(16.40625 2.5 0.1)
(16.953125 2.5 0.1)
(17.5 2.5 0.1)
(18.046875 2.5 0.1)
(18.59375 2.5 0.1)
(19.140625 2.5 0.1)
(19.6875 2.5 0.1)
(20.234375 2.5 0.1)
(20.78125 2.5 0.1)
(21.328125 2.5 0.1)
(21.875 2.5 0.1)
(22.421875 2.5 0.1)
(22.96875 2.5 0.1)
(23.515625 2.5 0.1)
(24.0625 2.5 0.1)
(24.609375 2.5 0.1)
(25.15625 2.5 0.1)
(25.703125 2.5 0.1)
(26.25 2.5 0.1)
(26.796875 2.5 0.1)
(27.34375 2.5 0.1)
(27.890625 2.5 0.1)
(28.4375 2.5 0.1)
(28.984375 2.5 0.1)
(29.53125 2.5 0.1)
(30.078125 2.5 0.1)
(30.625 2.5 0.1)
(31.171875 2.5 0.1)
(31.71875 2.5 0.1)
(32.265625 2.5 0.1)
(32.8125 2.5 0.1)
(33.359375 2.5 0.1)
(33.90625 2.5 0.1)
(34.453125 2.5 0.1)
(35 2.5 0.1)
(0 2.625 0.1)
(0.546875 2.625 0.1)
(1.09375 2.625 0.1)
(1.640625 2.625 0.1)
(2.1875 2.625 0.1)
(2.734375 2.625 0.1)
(3.28125 2.625 0.1)
(3.828125 2.625 0.1)
(4.375 2.625 0.1)
(4.921875 2.625 0.1)
(5.46875 2.625 0.1)
(6.015625 2.625 0.1)
(6.5625 2.625 0.1)
(7.109375 2.625 0.1)
(7.65625 2.625 0.1)
(8.203125 2.625 0.1)
(8.75 2.625 0.1)
(9.296875 2.625 0.1)
(9.84375 2.625 0.1)
(10.390625 2.625 0.1)
(10.9375 2.625 0.1)
(11.484375 2.625 0.1)
(12.03125 2.625 0.1)
(12.578125 2.625 0.1)
(13.125 2.625 0.1)
(13.671875 2.625 0.1)
(14.21875 2.625 0.1)
(14.765625 2.625 0.1)
(15.3125 2.625 0.1)
(15.859375 2.625 0.1)
(16.40625 2.625 0.1)
(16.953125 2.625 0.1)
(17.5 2.625 0.1)
(18.046875 2.625 0.1)
(18.59375 2.625 0.1)
(19.140625 2.625 0.1)
(19.6875 2.625 0.1)
(20.234375 2.625 0.1)
(20.78125 2.625 0.1)
(21.328125 2.625 0.1)
(21.875 2.625 0.1)
(22.421875 2.625 0.1)
(22.96875 2.625 0.1)
(23.515625 2.625 0.1)
(24.0625 2.625 0.1)
(24.609375 2.625 0.1)
(25.15625 2.625 0.1)
(25.703125 2.625 0.1)
(26.25 2.625 0.1)
(26.796875 2.625 0.1)
(27.34375 2.625 0.1)
(27.890625 2.625 0.1)
(28.4375 2.625 0.1)
(28.984375 2.625 0.1)
(29.53125 2.625 0.1)
(30.078125 2.625 0.1)
(30.625 2.625 0.1)
(31.171875 2.625 0.1)
(31.71875 2.625 0.1)
(32.265625 2.625 0.1)
(32.8125 2.625 0.1)
(33.359375 2.625 0.1)
(33.90625 2.625 0.1)
(34.453125 2.625 0.1)
(35 2.625 0.1)
(0 2.75 0.1)
(0.546875 2.75 0.1)
(1.09375 2.75 0.1)
(1.640625 2.75 0.1)
(2.1875 2.75 0.1)
(2.734375 2.75 0.1)
(3.28125 2.75 0.1)
(3.828125 2.75 0.1)
(4.375 2.75 0.1)
(4.921875 2.75 0.1)
(5.46875 2.75 0.1)
(6.015625 2.75 0.1)
(6.5625 2.75 0.1)
(7.109375 2.75 0.1)
(7.65625 2.75 0.1)
(8.203125 2.75 0.1)
(8.75 2.75 0.1)
(9.296875 2.75 0.1)
(9.84375 2.75 0.1)
(10.390625 2.75 0.1)
(10.9375 2.75 0.1)
(11.484375 2.75 0.1)
(12.03125 2.75 0.1)
(12.578125 2.75 0.1)
(13.125 2.75 0.1)
(13.671875 2.75 0.1)
(14.21875 2.75 0.1)
(14.765625 2.75 0.1)
(15.3125 2.75 0.1)
(15.859375 2.75 0.1)
(16.40625 2.75 0.1)
(16.953125 2.75 0.1)
(17.5 2.75 0.1)
(18.046875 2.75 0.1)
(18.59375 2.75 0.1)
(19.140625 2.75 0.1)
(19.6875 2.75 0.1)
(20.234375 2.75 0.1)
(20.78125 2.75 0.1)
(21.328125 2.75 0.1)
(21.875 2.75 0.1)
(22.421875 2.75 0.1)
(22.96875 2.75 0.1)
(23.515625 2.75 0.1)
(24.0625 2.75 0.1)
(24.609375 2.75 0.1)
(25.15625 2.75 0.1)
(25.703125 2.75 0.1)
(26.25 2.75 0.1)
(26.796875 2.75 0.1)
(27.34375 2.75 0.1)
(27.890625 2.75 0.1)
(28.4375 2.75 0.1)
(28.984375 2.75 0.1)
(29.53125 2.75 0.1)
(30.078125 2.75 0.1)
(30.625 2.75 0.1)
(31.171875 2.75 0.1)
(31.71875 2.75 0.1)
(32.265625 2.75 0.1)
(32.8125 2.75 0.1)
(33.359375 2.75 0.1)
(33.90625 2.75 0.1)
(34.453125 2.75 0.1)
(35 2.75 0.1)
(0 2.875 0.1)
(0.546875 2.875 0.1)
(1.09375 2.875 0.1)
(1.640625 2.875 0.1)
(2.1875 2.875 0.1)
(2.734375 2.875 0.1)
(3.28125 2.875 0.1)
(3.828125 2.875 0.1)
(4.375 2.875 0.1)
(4.921875 2.875 0.1)
(5.46875 2.875 0.1)
(6.015625 2.875 0.1)
(6.5625 2.875 0.1)
(7.109375 2.875 0.1)
(7.65625 2.875 0.1)
(8.203125 2.875 0.1)
(8.75 2.875 0.1)
(9.296875 2.875 0.1)
(9.84375 2.875 0.1)
(10.390625 2.875 0.1)
(10.9375 2.875 0.1)
(11.484375 2.875 0.1)
(12.03125 2.875 0.1)
(12.578125 2.875 0.1)
(13.125 2.875 0.1)
(13.671875 2.875 0.1)
(14.21875 2.875 0.1)
(14.765625 2.875 0.1)
(15.3125 2.875 0.1)
(15.859375 2.875 0.1)
(16.40625 2.875 0.1)
(16.953125 2.875 0.1)
(17.5 2.875 0.1)
(18.046875 2.875 0.1)
(18.59375 2.875 0.1)
(19.140625 2.875 0.1)
(19.6875 2.875 0.1)
(20.234375 2.875 0.1)
(20.78125 2.875 0.1)
(21.328125 2.875 0.1)
(21.875 2.875 0.1)
(22.421875 2.875 0.1)
(22.96875 2.875 0.1)
(23.515625 2.875 0.1)
(24.0625 2.875 0.1)
(24.609375 2.875 0.1)
(25.15625 2.875 0.1)
(25.703125 2.875 0.1)
(26.25 2.875 0.1)
(26.796875 2.875 0.1)
(27.34375 2.875 0.1)
(27.890625 2.875 0.1)
(28.4375 2.875 0.1)
(28.984375 2.875 0.1)
(29.53125 2.875 0.1)
(30.078125 2.875 0.1)
(30.625 2.875 0.1)
(31.171875 2.875 0.1)
(31.71875 2.875 0.1)
(32.265625 2.875 0.1)
(32.8125 2.875 0.1)
(33.359375 2.875 0.1)
(33.90625 2.875 0.1)
(34.453125 2.875 0.1)
(35 2.875 0.1)
(0 3 0.1)
(0.546875 3 0.1)
(1.09375 3 0.1)
(1.640625 3 0.1)
(2.1875 3 0.1)
(2.734375 3 0.1)
(3.28125 3 0.1)
(3.828125 3 0.1)
(4.375 3 0.1)
(4.921875 3 0.1)
(5.46875 3 0.1)
(6.015625 3 0.1)
(6.5625 3 0.1)
(7.109375 3 0.1)
(7.65625 3 0.1)
(8.203125 3 0.1)
(8.75 3 0.1)
(9.296875 3 0.1)
(9.84375 3 0.1)
(10.390625 3 0.1)
(10.9375 3 0.1)
(11.484375 3 0.1)
(12.03125 3 0.1)
(12.578125 3 0.1)
(13.125 3 0.1)
(13.671875 3 0.1)
(14.21875 3 0.1)
(14.765625 3 0.1)
(15.3125 3 0.1)
(15.859375 3 0.1)
(16.40625 3 0.1)
(16.953125 3 0.1)
(17.5 3 0.1)
(18.046875 3 0.1)
(18.59375 3 0.1)
(19.140625 3 0.1)
(19.6875 3 0.1)
(20.234375 3 0.1)
(20.78125 3 0.1)
(21.328125 3 0.1)
(21.875 3 0.1)
(22.421875 3 0.1)
(22.96875 3 0.1)
(23.515625 3 0.1)
(24.0625 3 0.1)
(24.609375 3 0.1)
(25.15625 3 0.1)
(25.703125 3 0.1)
(26.25 3 0.1)
(26.796875 3 0.1)
(27.34375 3 0.1)
(27.890625 3 0.1)
(28.4375 3 0.1)
(28.984375 3 0.1)
(29.53125 3 0.1)
(30.078125 3 0.1)
(30.625 3 0.1)
(31.171875 3 0.1)
(31.71875 3 0.1)
(32.265625 3 0.1)
(32.8125 3 0.1)
(33.359375 3 0.1)
(33.90625 3 0.1)
(34.453125 3 0.1)
(35 3 0.1)
(0 3.125 0.1)
(0.546875 3.125 0.1)
(1.09375 3.125 0.1)
(1.640625 3.125 0.1)
(2.1875 3.125 0.1)
(2.734375 3.125 0.1)
(3.28125 3.125 0.1)
(3.828125 3.125 0.1)
(4.375 3.125 0.1)
(4.921875 3.125 0.1)
(5.46875 3.125 0.1)
(6.015625 3.125 0.1)
(6.5625 3.125 0.1)
(7.109375 3.125 0.1)
(7.65625 3.125 0.1)
(8.203125 3.125 0.1)
(8.75 3.125 0.1)
(9.296875 3.125 0.1)
(9.84375 3.125 0.1)
(10.390625 3.125 0.1)
(10.9375 3.125 0.1)
(11.484375 3.125 0.1)
(12.03125 3.125 0.1)
(12.578125 3.125 0.1)
(13.125 3.125 0.1)
(13.671875 3.125 0.1)
(14.21875 3.125 0.1)
(14.765625 3.125 0.1)
(15.3125 3.125 0.1)
(15.859375 3.125 0.1)
(16.40625 3.125 0.1)
(16.953125 3.125 0.1)
(17.5 3.125 0.1)
(18.046875 3.125 0.1)
(18.59375 3.125 0.1)
(19.140625 3.125 0.1)
(19.6875 3.125 0.1)
(20.234375 3.125 0.1)
(20.78125 3.125 0.1)
(21.328125 3.125 0.1)
(21.875 3.125 0.1)
(22.421875 3.125 0.1)
(22.96875 3.125 0.1)
(23.515625 3.125 0.1)
(24.0625 3.125 0.1)
(24.609375 3.125 0.1)
(25.15625 3.125 0.1)
(25.703125 3.125 0.1)
(26.25 3.125 0.1)
(26.796875 3.125 0.1)
(27.34375 3.125 0.1)
(27.890625 3.125 0.1)
(28.4375 3.125 0.1)
(28.984375 3.125 0.1)
(29.53125 3.125 0.1)
(30.078125 3.125 0.1)
(30.625 3.125 0.1)
(31.171875 3.125 0.1)
(31.71875 3.125 0.1)
(32.265625 3.125 0.1)
(32.8125 3.125 0.1)
(33.359375 3.125 0.1)
(33.90625 3.125 0.1)
(34.453125 3.125 0.1)
(35 3.125 0.1)
(0 3.25 0.1)
(0.546875 3.25 0.1)
(1.09375 3.25 0.1)
(1.640625 3.25 0.1)
(2.1875 3.25 0.1)
(2.734375 3.25 0.1)
(3.28125 3.25 0.1)
(3.828125 3.25 0.1)
(4.375 3.25 0.1)
(4.921875 3.25 0.1)
(5.46875 3.25 0.1)
(6.015625 3.25 0.1)
(6.5625 3.25 0.1)
(7.109375 3.25 0.1)
(7.65625 3.25 0.1)
(8.203125 3.25 0.1)
(8.75 3.25 0.1)
(9.296875 3.25 0.1)
(9.84375 3.25 0.1)
(10.390625 3.25 0.1)
(10.9375 3.25 0.1)
(11.484375 3.25 0.1)
(12.03125 3.25 0.1)
(12.578125 3.25 0.1)
(13.125 3.25 0.1)
(13.671875 3.25 0.1)
(14.21875 3.25 0.1)
(14.765625 3.25 0.1)
(15.3125 3.25 0.1)
(15.859375 3.25 0.1)
(16.40625 3.25 0.1)
(16.953125 3.25 0.1)
(17.5 3.25 0.1)
(18.046875 3.25 0.1)
(18.59375 3.25 0.1)
(19.140625 3.25 0.1)
(19.6875 3.25 0.1)
(20.234375 3.25 0.1)
(20.78125 3.25 0.1)
(21.328125 3.25 0.1)
(21.875 3.25 0.1)
(22.421875 3.25 0.1)
(22.96875 3.25 0.1)
(23.515625 3.25 0.1)
(24.0625 3.25 0.1)
(24.609375 3.25 0.1)
(25.15625 3.25 0.1)
(25.703125 3.25 0.1)
(26.25 3.25 0.1)
(26.796875 3.25 0.1)
(27.34375 3.25 0.1)
(27.890625 3.25 0.1)
(28.4375 3.25 0.1)
(28.984375 3.25 0.1)
(29.53125 3.25 0.1)
(30.078125 3.25 0.1)
(30.625 3.25 0.1)
(31.171875 3.25 0.1)
(31.71875 3.25 0.1)
(32.265625 3.25 0.1)
(32.8125 3.25 0.1)
(33.359375 3.25 0.1)
(33.90625 3.25 0.1)
(34.453125 3.25 0.1)
(35 3.25 0.1)
(0 3.375 0.1)
(0.546875 3.375 0.1)
(1.09375 3.375 0.1)
(1.640625 3.375 0.1)
(2.1875 3.375 0.1)
(2.734375 3.375 0.1)
(3.28125 3.375 0.1)
(3.828125 3.375 0.1)
(4.375 3.375 0.1)
(4.921875 3.375 0.1)
(5.46875 3.375 0.1)
(6.015625 3.375 0.1)
(6.5625 3.375 0.1)
(7.109375 3.375 0.1)
(7.65625 3.375 0.1)
(8.203125 3.375 0.1)
(8.75 3.375 0.1)
(9.296875 3.375 0.1)
(9.84375 3.375 0.1)
(10.390625 3.375 0.1)
(10.9375 3.375 0.1)
(11.484375 3.375 0.1)
(12.03125 3.375 0.1)
(12.578125 3.375 0.1)
(13.125 3.375 0.1)
(13.671875 3.375 0.1)
(14.21875 3.375 0.1)
(14.765625 3.375 0.1)
(15.3125 3.375 0.1)
(15.859375 3.375 0.1)
(16.40625 3.375 0.1)
(16.953125 3.375 0.1)
(17.5 3.375 0.1)
(18.046875 3.375 0.1)
(18.59375 3.375 0.1)
(19.140625 3.375 0.1)
(19.6875 3.375 0.1)
(20.234375 3.375 0.1)
(20.78125 3.375 0.1)
(21.328125 3.375 0.1)
(21.875 3.375 0.1)
(22.421875 3.375 0.1)
(22.96875 3.375 0.1)
(23.515625 3.375 0.1)
(24.0625 3.375 0.1)
(24.609375 3.375 0.1)
(25.15625 3.375 0.1)
(25.703125 3.375 0.1)
(26.25 3.375 0.1)
(26.796875 3.375 0.1)
(27.34375 3.375 0.1)
(27.890625 3.375 0.1)
(28.4375 3.375 0.1)
(28.984375 3.375 0.1)
(29.53125 3.375 0.1)
(30.078125 3.375 0.1)
(30.625 3.375 0.1)
(31.171875 3.375 0.1)
(31.71875 3.375 0.1)
(32.265625 3.375 0.1)
(32.8125 3.375 0.1)
(33.359375 3.375 0.1)
(33.90625 3.375 0.1)
(34.453125 3.375 0.1)
(35 3.375 0.1)
(0 3.5 0.1)
(0.546875 3.5 0.1)
(1.09375 3.5 0.1)
(1.640625 3.5 0.1)
(2.1875 3.5 0.1)
(2.734375 3.5 0.1)
(3.28125 3.5 0.1)
(3.828125 3.5 0.1)
(4.375 3.5 0.1)
(4.921875 3.5 0.1)
(5.46875 3.5 0.1)
(6.015625 3.5 0.1)
(6.5625 3.5 0.1)
(7.109375 3.5 0.1)
(7.65625 3.5 0.1)
(8.203125 3.5 0.1)
(8.75 3.5 0.1)
(9.296875 3.5 0.1)
(9.84375 3.5 0.1)
(10.390625 3.5 0.1)
(10.9375 3.5 0.1)
(11.484375 3.5 0.1)
(12.03125 3.5 0.1)
(12.578125 3.5 0.1)
(13.125 3.5 0.1)
(13.671875 3.5 0.1)
(14.21875 3.5 0.1)
(14.765625 3.5 0.1)
(15.3125 3.5 0.1)
(15.859375 3.5 0.1)
(16.40625 3.5 0.1)
(16.953125 3.5 0.1)
(17.5 3.5 0.1)
(18.046875 3.5 0.1)
(18.59375 3.5 0.1)
(19.140625 3.5 0.1)
(19.6875 3.5 0.1)
(20.234375 3.5 0.1)
(20.78125 3.5 0.1)
(21.328125 3.5 0.1)
(21.875 3.5 0.1)
(22.421875 3.5 0.1)
(22.96875 3.5 0.1)
(23.515625 3.5 0.1)
(24.0625 3.5 0.1)
(24.609375 3.5 0.1)
(25.15625 3.5 0.1)
(25.703125 3.5 0.1)
(26.25 3.5 0.1)
(26.796875 3.5 0.1)
(27.34375 3.5 0.1)
(27.890625 3.5 0.1)
(28.4375 3.5 0.1)
(28.984375 3.5 0.1)
(29.53125 3.5 0.1)
(30.078125 3.5 0.1)
(30.625 3.5 0.1)
(31.171875 3.5 0.1)
(31.71875 3.5 0.1)
(32.265625 3.5 0.1)
(32.8125 3.5 0.1)
(33.359375 3.5 0.1)
(33.90625 3.5 0.1)
(34.453125 3.5 0.1)
(35 3.5 0.1)
(0 3.625 0.1)
(0.546875 3.625 0.1)
(1.09375 3.625 0.1)
(1.640625 3.625 0.1)
(2.1875 3.625 0.1)
(2.734375 3.625 0.1)
(3.28125 3.625 0.1)
(3.828125 3.625 0.1)
(4.375 3.625 0.1)
(4.921875 3.625 0.1)
(5.46875 3.625 0.1)
(6.015625 3.625 0.1)
(6.5625 3.625 0.1)
(7.109375 3.625 0.1)
(7.65625 3.625 0.1)
(8.203125 3.625 0.1)
(8.75 3.625 0.1)
(9.296875 3.625 0.1)
(9.84375 3.625 0.1)
(10.390625 3.625 0.1)
(10.9375 3.625 0.1)
(11.484375 3.625 0.1)
(12.03125 3.625 0.1)
(12.578125 3.625 0.1)
(13.125 3.625 0.1)
(13.671875 3.625 0.1)
(14.21875 3.625 0.1)
(14.765625 3.625 0.1)
(15.3125 3.625 0.1)
(15.859375 3.625 0.1)
(16.40625 3.625 0.1)
(16.953125 3.625 0.1)
(17.5 3.625 0.1)
(18.046875 3.625 0.1)
(18.59375 3.625 0.1)
(19.140625 3.625 0.1)
(19.6875 3.625 0.1)
(20.234375 3.625 0.1)
(20.78125 3.625 0.1)
(21.328125 3.625 0.1)
(21.875 3.625 0.1)
(22.421875 3.625 0.1)
(22.96875 3.625 0.1)
(23.515625 3.625 0.1)
(24.0625 3.625 0.1)
(24.609375 3.625 0.1)
(25.15625 3.625 0.1)
(25.703125 3.625 0.1)
(26.25 3.625 0.1)
(26.796875 3.625 0.1)
(27.34375 3.625 0.1)
(27.890625 3.625 0.1)
(28.4375 3.625 0.1)
(28.984375 3.625 0.1)
(29.53125 3.625 0.1)
(30.078125 3.625 0.1)
(30.625 3.625 0.1)
(31.171875 3.625 0.1)
(31.71875 3.625 0.1)
(32.265625 3.625 0.1)
(32.8125 3.625 0.1)
(33.359375 3.625 0.1)
(33.90625 3.625 0.1)
(34.453125 3.625 0.1)
(35 3.625 0.1)
(0 3.75 0.1)
(0.546875 3.75 0.1)
(1.09375 3.75 0.1)
(1.640625 3.75 0.1)
(2.1875 3.75 0.1)
(2.734375 3.75 0.1)
(3.28125 3.75 0.1)
(3.828125 3.75 0.1)
(4.375 3.75 0.1)
(4.921875 3.75 0.1)
(5.46875 3.75 0.1)
(6.015625 3.75 0.1)
(6.5625 3.75 0.1)
(7.109375 3.75 0.1)
(7.65625 3.75 0.1)
(8.203125 3.75 0.1)
(8.75 3.75 0.1)
(9.296875 3.75 0.1)
(9.84375 3.75 0.1)
(10.390625 3.75 0.1)
(10.9375 3.75 0.1)
(11.484375 3.75 0.1)
(12.03125 3.75 0.1)
(12.578125 3.75 0.1)
(13.125 3.75 0.1)
(13.671875 3.75 0.1)
(14.21875 3.75 0.1)
(14.765625 3.75 0.1)
(15.3125 3.75 0.1)
(15.859375 3.75 0.1)
(16.40625 3.75 0.1)
(16.953125 3.75 0.1)
(17.5 3.75 0.1)
(18.046875 3.75 0.1)
(18.59375 3.75 0.1)
(19.140625 3.75 0.1)
(19.6875 3.75 0.1)
(20.234375 3.75 0.1)
(20.78125 3.75 0.1)
(21.328125 3.75 0.1)
(21.875 3.75 0.1)
(22.421875 3.75 0.1)
(22.96875 3.75 0.1)
(23.515625 3.75 0.1)
(24.0625 3.75 0.1)
(24.609375 3.75 0.1)
(25.15625 3.75 0.1)
(25.703125 3.75 0.1)
(26.25 3.75 0.1)
(26.796875 3.75 0.1)
(27.34375 3.75 0.1)
(27.890625 3.75 0.1)
(28.4375 3.75 0.1)
(28.984375 3.75 0.1)
(29.53125 3.75 0.1)
(30.078125 3.75 0.1)
(30.625 3.75 0.1)
(31.171875 3.75 0.1)
(31.71875 3.75 0.1)
(32.265625 3.75 0.1)
(32.8125 3.75 0.1)
(33.359375 3.75 0.1)
(33.90625 3.75 0.1)
(34.453125 3.75 0.1)
(35 3.75 0.1)
(0 3.875 0.1)
(0.546875 3.875 0.1)
(1.09375 3.875 0.1)
(1.640625 3.875 0.1)
(2.1875 3.875 0.1)
(2.734375 3.875 0.1)
(3.28125 3.875 0.1)
(3.828125 3.875 0.1)
(4.375 3.875 0.1)
(4.921875 3.875 0.1)
(5.46875 3.875 0.1)
(6.015625 3.875 0.1)
(6.5625 3.875 0.1)
(7.109375 3.875 0.1)
(7.65625 3.875 0.1)
(8.203125 3.875 0.1)
(8.75 3.875 0.1)
(9.296875 3.875 0.1)
(9.84375 3.875 0.1)
(10.390625 3.875 0.1)
(10.9375 3.875 0.1)
(11.484375 3.875 0.1)
(12.03125 3.875 0.1)
(12.578125 3.875 0.1)
(13.125 3.875 0.1)
(13.671875 3.875 0.1)
(14.21875 3.875 0.1)
(14.765625 3.875 0.1)
(15.3125 3.875 0.1)
(15.859375 3.875 0.1)
(16.40625 3.875 0.1)
(16.953125 3.875 0.1)
(17.5 3.875 0.1)
(18.046875 3.875 0.1)
(18.59375 3.875 0.1)
(19.140625 3.875 0.1)
(19.6875 3.875 0.1)
(20.234375 3.875 0.1)
(20.78125 3.875 0.1)
(21.328125 3.875 0.1)
(21.875 3.875 0.1)
(22.421875 3.875 0.1)
(22.96875 3.875 0.1)
(23.515625 3.875 0.1)
(24.0625 3.875 0.1)
(24.609375 3.875 0.1)
(25.15625 3.875 0.1)
(25.703125 3.875 0.1)
(26.25 3.875 0.1)
(26.796875 3.875 0.1)
(27.34375 3.875 0.1)
(27.890625 3.875 0.1)
(28.4375 3.875 0.1)
(28.984375 3.875 0.1)
(29.53125 3.875 0.1)
(30.078125 3.875 0.1)
(30.625 3.875 0.1)
(31.171875 3.875 0.1)
(31.71875 3.875 0.1)
(32.265625 3.875 0.1)
(32.8125 3.875 0.1)
(33.359375 3.875 0.1)
(33.90625 3.875 0.1)
(34.453125 3.875 0.1)
(35 3.875 0.1)
(0 4 0.1)
(0.546875 4 0.1)
(1.09375 4 0.1)
(1.640625 4 0.1)
(2.1875 4 0.1)
(2.734375 4 0.1)
(3.28125 4 0.1)
(3.828125 4 0.1)
(4.375 4 0.1)
(4.921875 4 0.1)
(5.46875 4 0.1)
(6.015625 4 0.1)
(6.5625 4 0.1)
(7.109375 4 0.1)
(7.65625 4 0.1)
(8.203125 4 0.1)
(8.75 4 0.1)
(9.296875 4 0.1)
(9.84375 4 0.1)
(10.390625 4 0.1)
(10.9375 4 0.1)
(11.484375 4 0.1)
(12.03125 4 0.1)
(12.578125 4 0.1)
(13.125 4 0.1)
(13.671875 4 0.1)
(14.21875 4 0.1)
(14.765625 4 0.1)
(15.3125 4 0.1)
(15.859375 4 0.1)
(16.40625 4 0.1)
(16.953125 4 0.1)
(17.5 4 0.1)
(18.046875 4 0.1)
(18.59375 4 0.1)
(19.140625 4 0.1)
(19.6875 4 0.1)
(20.234375 4 0.1)
(20.78125 4 0.1)
(21.328125 4 0.1)
(21.875 4 0.1)
(22.421875 4 0.1)
(22.96875 4 0.1)
(23.515625 4 0.1)
(24.0625 4 0.1)
(24.609375 4 0.1)
(25.15625 4 0.1)
(25.703125 4 0.1)
(26.25 4 0.1)
(26.796875 4 0.1)
(27.34375 4 0.1)
(27.890625 4 0.1)
(28.4375 4 0.1)
(28.984375 4 0.1)
(29.53125 4 0.1)
(30.078125 4 0.1)
(30.625 4 0.1)
(31.171875 4 0.1)
(31.71875 4 0.1)
(32.265625 4 0.1)
(32.8125 4 0.1)
(33.359375 4 0.1)
(33.90625 4 0.1)
(34.453125 4 0.1)
(35 4 0.1)
)


// ************************************************************************* //
